0.374540118847 8.30132135748
0.95071430641 8.51679856052
0.731993941811 9.57617967644
0.598658484197 9.40656119787
0.156018640442 8.02784636926
0.155994520336 8.54876428656
0.0580836121682 8.00817299105
0.866176145775 10.0577085166
0.601115011743 8.73317932377
0.708072577796 7.46325679987
0.0205844942958 7.49137170202
0.969909852162 10.1174172436
0.8324426408 9.7689067596
0.212339110678 6.36026875621
0.181824967207 6.46441836121
0.183404509853 8.60336638289
0.30424224296 7.87317157502
0.524756431632 9.25576999227
0.431945018642 8.32415343206
0.291229140198 7.90344356009
0.611852894722 9.77384249014
0.139493860652 6.90243685374
0.292144648535 7.97255472255
0.366361843294 7.63681024118
0.456069984217 7.93371372522
0.785175961393 9.04635576071
0.199673782158 7.82115511811
0.514234438414 8.06395469358
0.592414568862 10.0329998322
0.04645041272 6.24474393594
0.607544851901 8.63576291154
0.170524123687 7.07184131279
0.0650515929853 8.64213266331
0.948885537253 10.0432113883
0.965632033075 10.9287406387
0.808397348116 7.93963167131
0.304613769173 8.18089157339
0.0976721140064 8.18264713764
0.684233026512 9.13498306881
0.44015249374 9.38593785628
0.122038234845 6.84882625443
0.495176910111 9.89487817052
0.0343885211152 9.40206368696
0.909320402079 9.3651226458
0.2587799816 7.3308374234
0.662522284354 10.4409513302
0.311711076089 9.514705374
0.520068021178 8.03734403638
0.546710279343 8.21994402093
0.184854455526 7.27277875772
0.969584627765 8.56430337226
0.775132823361 8.4067465236
0.939498941564 8.81435605794
0.894827350428 8.91668448618
0.597899978811 8.75901504905
0.921874235023 9.99983743761
0.0884925020519 8.81597799897
0.195982862419 6.58959454652
0.0452272889105 8.12000426521
0.325330330763 7.76200214806
0.388677289689 8.11656815942
0.271349031774 8.48886658749
0.828737509152 8.36349050589
0.356753326694 8.45266972626
0.280934509687 8.00925573728
0.542696083158 9.12053951348
0.140924224975 7.71194131883
0.802196980754 11.8618910822
0.0745506436798 6.58591194679
0.986886936601 9.4296638548
0.772244769297 8.69359378147
0.198715681534 7.04066992544
0.0055221171236 6.37917922406
0.815461428455 10.6354008165
0.706857343848 10.5410762795
0.729007168041 8.61627521037
0.771270346686 8.48145546695
0.0740446517341 7.69354951159
0.358465728544 7.52317414135
0.115869059525 7.98053899633
0.863103425876 9.79223329848
0.623298126828 7.35415026549
0.330898024853 9.54019927589
0.063558350286 8.98655272395
0.310982321716 7.32015827466
0.325183322027 7.58784840614
0.729606178338 9.47468392574
0.637557471355 9.24712920405
0.887212742576 10.3201825004
0.472214925162 10.4268493143
0.119594245938 7.18183551032
0.713244787223 8.34143711713
0.760785048617 7.90303591784
0.561277197569 7.95290155277
0.770967179955 9.27977456699
0.493795596364 10.2759446526
0.522732829382 8.05058718911
0.427541018359 8.50641100671
0.0254191267441 7.05983448416
0.107891426993 8.51206755443
0.0314291856867 9.62121998293
0.636410411264 8.37836246087
0.314355981076 7.45362850071
0.508570691165 9.56987295056
0.907566473926 10.4045909114
0.249292229149 9.59458401318
0.410382923036 8.81507695443
0.755551138543 8.90736132484
0.228798165492 8.27704932717
0.0769799098288 8.33964331007
0.289751452914 8.68973653994
0.161221287254 7.99093789287
0.929697652343 10.8557676466
0.808120379564 10.5936567291
0.63340375651 10.2823702606
0.871460590188 10.2630916582
0.803672076899 9.24389815038
0.186570058886 7.70642386309
0.89255899849 10.884185962
0.539342241916 7.80109105476
0.807440155164 9.79099377437
0.896091299923 9.29493508744
0.318003474972 7.98275524785
0.110051924528 8.60860763619
0.227935162542 7.87490455565
0.427107788626 8.32775991403
0.818014765922 8.09418815679
0.860730583256 10.3284453158
0.00695213053119 7.66634057273
0.510747302578 10.695496631
0.417411003149 7.94445477449
0.222107810471 7.88547375908
0.119865367334 7.60897978571
0.337615171404 9.59029879397
0.942909703913 9.73343357935
0.323202932021 8.24863032183
0.518790621743 9.16426837495
0.703018958895 9.29566599984
0.363629602379 7.64445519259
0.971782082721 10.1094362411
0.962447294942 10.9609736347
0.251782295825 6.72883158807
0.497248505892 8.62471519182
0.300878309817 7.20251411451
0.284840494377 9.04956811206
0.0368869473545 5.58747393728
0.60956433398 8.26977115467
0.502679023229 8.88524894475
0.05147875125 8.71996028298
0.278646464237 7.77018913164
0.908265885967 9.16959813121
0.239561890667 9.59984274144
0.144894872091 5.98667071586
0.489452760278 6.26955232421
0.985650454111 10.3969658124
0.242055271512 7.22411159018
0.672135547406 7.99517382509
0.761619615329 9.99321529329
0.237637543992 7.95671334575
0.728216348612 8.6205704151
0.367783132719 6.82304499949
0.632305830594 9.76937482006
0.633529710761 9.55079031024
0.535774684075 8.50814818844
0.0902897700544 9.11750630621
0.835302495589 8.43582272044
0.320780064972 6.43681502399
0.1865185104 6.86764746132
0.0407751415548 7.07673940831
0.590892943188 9.01601827889
0.677564361842 8.79145702767
0.0165878289279 7.4018188833
0.512093058299 7.28473975071
0.226495775198 9.12325192967
0.645172790409 8.85336719284
0.174366429005 8.6403951186
0.690937738102 9.41553856069
0.386735346301 8.61695925806
0.936729988737 10.3799572464
0.137520944146 7.86027139246
0.34106635105 8.66592181302
0.113473521241 8.66957309385
0.924693618279 9.97060202454
0.877339353381 10.3410218177
0.257941627715 7.68408918886
0.659984046034 10.4200693536
0.817222200201 8.77527429854
0.555200811599 10.4665428677
0.529650578356 8.54879378442
0.2418522909 6.29478177058
0.0931027678059 7.40741271833
0.897215757953 9.01059561639
0.900418057163 10.5418977205
0.633101457273 8.24668039252
0.339029791049 7.57090593993
0.349209574613 6.15808799289
0.72595567887 8.72556071736
0.897110259953 7.26745145323
0.887086424265 8.07735644931
0.779875545858 10.1000412937
0.642031646154 9.71189509711
0.084139964995 7.67787745677
0.161628714095 6.51790999915
0.898554188527 9.64795120944
0.60642905966 8.81568463989
0.00919705161663 5.86922646566
0.101471542866 8.80781293037
0.663501769108 9.8678675979
0.00506158384622 6.79422057771
0.160808051417 7.50930999325
0.548733789367 8.85458417605
0.691895197693 7.03395072465
0.651961259503 8.70870639599
0.224269309461 6.99082368038
0.712179221348 8.13491765415
0.237249087497 7.4306469696
0.325399698159 9.77388562133
0.746491405118 9.88031707662
0.649632899047 8.37771970736
0.849223410494 10.1202530128
0.6576128923 10.3721941135
0.568308603335 9.62955949292
0.0936747678281 7.3406546734
0.367715803059 7.45621063147
0.265202367682 8.49383041666
0.243989643379 8.12545431556
0.973010554752 10.8142248843
0.393097724667 8.81446497568
0.892046555177 10.7256923809
0.631138625997 8.35818066643
0.794811303542 10.7018279763
0.502637093105 8.70551088401
0.576903884626 10.8059725265
0.492517693819 7.78836526337
0.195242987798 9.32169276656
0.722452115262 9.36526712925
0.280772362441 7.19089908371
0.0243159664315 6.58906206524
0.645472295907 8.61606957953
0.177110679407 7.95549798462
0.940458584353 10.3442112411
0.953928577003 9.28808572707
0.91486439022 9.7202385784
0.370158700255 10.2527464594
0.0154566165289 8.77391301969
0.928318562588 10.2212793574
0.428184148317 8.32255592312
0.966654819044 10.0199957838
0.963619977089 10.504377904
0.853009455467 8.5362358012
0.29444889207 7.62597013879
0.385097728602 6.48670911193
0.851136671517 9.95263313716
0.316922005156 8.59796195517
0.169492746686 7.02529177776
0.556801262458 10.2443905507
0.936154774161 8.58269865948
0.696029796675 7.62371450982
0.570061170089 8.93463532883
0.0971764937708 8.33862778392
0.615007226699 10.5289493716
0.990053850104 9.51127728744
0.140084015237 8.49893287914
0.518329652364 8.51648048759
0.877373071928 9.45949191584
0.740768617754 10.1059657907
0.697015740995 9.7433701014
0.702484083987 7.53106009498
0.35949115122 9.55501380339
0.293591844264 9.26086688694
0.809361155479 8.80252076493
0.810113394679 9.82614371747
0.86707231858 10.095247142
0.913240552556 10.0003954235
0.511342398861 7.98372204274
0.501516294687 7.83292551612
0.798295178967 9.36933146591
0.649963930778 10.1226208116
0.701966877258 9.64950078637
0.795792669436 9.01676367622
0.890005341818 10.4417147361
0.337995156852 5.16544284992
0.37558295264 9.27551455829
0.0939819398409 5.54223204074
0.578280140996 8.37239948159
0.0359422737967 5.98815692676
0.465598018132 7.10211257868
0.542644634708 9.7887606915
0.286541252128 7.39192255507
0.590833260569 9.11900366344
0.030500249939 7.04458017094
0.0373481887492 7.58908539347
0.82260056066 9.54462357304
0.360190641411 6.79757970005
0.127060512652 8.3774483574
0.522243260055 8.072973197
0.769993553099 7.75339876064
0.215821027497 7.21934792152
0.622890475819 10.3694312181
0.0853474649938 8.10626413709
0.0516817211686 6.8063930291
0.531354631568 8.24480619039
0.54063512161 8.30027031361
0.637429901498 10.9890376881
0.726091333723 9.5602094534
0.975852079463 10.3575978856
0.516300348301 9.57918449894
0.322956472941 8.20765857785
0.795186194769 9.12651643849
0.270832251262 7.6161469047
0.438971420706 8.2453130027
0.0784563813423 7.19814690752
0.0253507434155 7.80368177388
0.962648414678 9.93989112984
0.835980120512 10.2405804388
0.695974206094 9.00720603817
0.408952944414 8.30549402356
0.173294320071 5.52168227568
0.156437042671 8.38563880272
0.250242898165 8.09721717039
0.549226664706 9.64569010398
0.7145959227 6.24753238991
0.660197376718 11.0689668349
0.279933896946 7.70021206268
0.954865280663 10.9727786587
0.737896916696 8.17378482296
0.554354052511 9.2758360626
0.611720746234 7.78174667553
0.419600062428 7.63503122659
0.247730989501 9.65722432237
0.355972678651 7.87723563519
0.757846110464 9.49097120457
0.0143934886298 7.91324819658
0.116072640507 7.84389980949
0.0460026420218 7.28842683121
0.040728802319 7.48714740942
0.855460584011 11.9697973373
0.70365785938 9.05335478111
0.474173829087 8.62362053398
0.097834160651 8.34415687796
0.491615875117 9.58037355831
0.473471770781 9.6074456179
0.17320186991 8.15833583176
0.433851649238 7.15855003498
0.398504734397 9.82894573549
0.615850098052 7.70120490114
0.635093650868 9.20791641784
0.045304009772 6.3816361793
0.374612614626 8.05969949729
0.625859915714 9.20634215745
0.50313625858 8.83076599119
0.856489841188 9.9913902778
0.658693631619 10.5897921639
0.162934427081 7.94233758276
0.0705687474004 6.96754960691
0.642419278206 9.89134500291
0.0265113105416 8.26900442055
0.585775581273 7.52971892868
0.940230241425 10.4180907941
0.575474177876 9.42759527594
0.388169926207 7.86694627526
0.643288218442 10.3055714686
0.458252890492 8.22470308444
0.545616789316 8.76242682142
0.941464808777 9.65132260205
0.386102637801 8.17388696098
0.961190563824 8.78729660458
0.905350641956 8.27600104327
0.195791134789 9.18187846759
0.0693613008752 6.36112255431
0.100778001377 6.31094165468
0.0182218256515 4.90127536335
0.0944429607559 6.64436713458
0.683006773416 7.72593052684
0.0711886484602 8.85558110552
0.318975630294 8.96674398022
0.844875310969 8.84647558773
0.0232719357358 9.32225161255
0.814468482589 10.4251709348
0.281854774773 7.52073294081
0.118164827622 4.85508876799
0.696737165364 11.3811540687
0.62894284678 7.49725607358
0.877472013527 7.98701729362
0.735071043804 10.2277835634
0.803480930385 11.8501951975
0.282034572571 9.23037653622
0.17743954378 8.09622775139
0.750614751641 9.84659859659
0.806834739267 10.2739197766
0.990505142001 10.7304440158
0.412617676911 8.5190444547
0.372018085793 8.22025536133
0.776412960742 9.26664575433
0.340803540253 7.26844603189
0.930757325604 9.51159689994
0.858412751843 7.88228144133
0.428994027375 8.18864245533
0.750871067791 8.26402209622
0.754542874085 8.16003930504
0.103123868836 7.48926575766
0.90255290668 11.0996610064
0.505252372448 9.43407372335
0.826457466108 7.9088717947
0.320049601031 6.97052066652
0.895523228496 10.6273408735
0.389201678734 7.18511764266
0.0108376514803 6.80787980444
0.905381976419 10.2661980283
0.0912866767861 6.30551557549
0.31931363759 8.06331641892
0.950061967051 8.51616040623
0.950607146938 9.25045379686
0.573437888123 9.04009559851
0.63183721217 7.30251790298
0.448445521978 8.7858113039
0.293210771698 7.85999451617
0.32866454537 8.53848359053
0.672518456077 9.2414695023
0.752374529438 10.6212640183
0.791579043726 9.49996163383
0.789618142795 8.93944888726
0.0912061030487 7.39591581218
0.494420304703 9.02655894314
0.0575587600166 7.22153635038
0.549528882324 8.68917833818
0.441530501373 7.62259981631
0.887704182758 9.00021163072
0.350915012552 6.65013976586
0.117067016428 9.10077779247
0.142991682053 6.18511181077
0.761510631717 8.59162669736
0.618218063316 8.13624692438
0.101122676123 8.19829240531
0.084106806115 6.95737074005
0.700969131459 10.3506494671
0.0727630063642 6.54479839485
0.82186005929 9.74457434009
0.706242227156 8.28337962821
0.0813487806419 9.3891954697
0.0848377140852 6.06691472323
0.986639578501 10.2697394457
0.374270795756 8.7565892682
0.370642147067 8.52572553865
0.812799567258 9.25311104289
0.947248577384 9.71192503242
0.986001063823 10.0018146634
0.753378185259 9.11313255415
0.376259585531 9.09265787339
0.0835007166987 9.46102515169
0.777146915927 8.77394896277
0.558404249736 7.30540976963
0.424222009247 8.18438397939
0.906354385095 12.2987724929
0.111197482306 6.52991787895
0.492625104291 10.1169921183
0.0113536447674 8.71176174838
0.468660641994 7.85239368427
0.0563032756818 7.73789290623
0.118817916268 8.98485037193
0.117526246777 6.97345099934
0.649210302116 8.74405054625
0.746044879265 8.65645372385
0.583368765097 7.7353495646
0.962172548475 9.23724010036
0.374870579524 6.90067147181
0.285712086282 7.8912197271
0.868599128189 8.83582415351
0.223595838519 7.90457342735
0.963222539441 8.33377197212
0.0121544746898 7.36734365628
0.969878826708 10.7431654417
0.0431599119506 5.13574409328
0.891143113698 10.0474859109
0.527701109086 9.81077231973
0.992964796119 8.76925336967
0.0737965647354 8.89396208104
0.553854284401 9.08058186257
0.969302535619 9.2028957511
0.52309784417 8.51352445485
0.629398638135 9.44652282693
0.695748688985 9.16325145837
0.454541064768 8.90237918675
0.627558080084 7.96200064717
0.584314311923 8.92230375981
0.901158010491 8.28975953457
0.0454463803415 7.02511307968
0.280963189592 6.93898192731
0.950411484077 9.11570450964
0.890263783891 10.9068845269
0.455656752786 9.45828037895
0.620132597802 9.46953591431
0.277381182981 6.73983078427
0.188121159724 7.24795502948
0.46369840494 9.6041929148
0.353352228026 8.20177359772
0.583656111851 11.0702978755
0.077734636965 7.62652175029
0.974394807666 10.1152335395
0.98621074448 9.64951576924
0.69816171402 9.22802604684
0.536096366344 8.45581926265
0.309527616286 8.63669152555
0.813795019707 10.3980873759
0.684731172554 8.26820405715
0.162616939345 6.15661786448
0.910927184494 7.89657618038
0.822537242923 9.97560305568
0.949799913292 8.7460331337
0.725719508388 7.02426793221
0.613415195936 9.22882419234
0.418243036291 10.7477286263
0.932728483354 9.79211453852
0.8660638895 10.436682443
0.0452186701062 7.21748536887
0.0263669744973 6.9802112703
0.376463366878 9.04846658362
0.810553330782 9.14138544816
0.987276129315 10.229220702
0.150416891104 7.77294847951
0.594130715352 8.11430169241
0.380890856631 9.13471491943
0.969914397815 9.73478343675
0.842118923136 8.77061160991
0.838328704711 10.0514959577
0.468693159795 7.50761149759
0.414819502338 8.27263966438
0.273407071931 7.81110221915
0.0563754966509 8.25502205578
0.864722376255 10.0688653616
0.81290100913 9.41367606865
0.999717673286 10.8169193191
0.996636837074 11.3801180602
0.555431705603 9.22410542316
0.768987415181 9.31731486538
0.944765729882 8.5224609573
0.849647390677 8.48382850896
0.247348101743 7.43681960087
0.45054413531 7.74212020377
0.129159415151 7.20050694247
0.954051027259 9.91880300667
0.606174634451 9.34821665771
0.228642805503 7.61542963845
0.671700684406 9.50160369704
0.618128240458 8.91885913618
0.358162718033 6.09902158774
0.1135575922 6.40133738278
0.671573195593 8.87063203106
0.520307700904 7.35122835987
0.772318391736 9.9168839052
0.520163501112 10.0912413357
0.852181500319 10.7753063527
0.551906838774 8.44227764539
0.560937971535 10.1735400515
0.876653602658 9.77862826518
0.403482866212 7.87336262752
0.134015228451 6.78864302181
0.0287826763133 6.78387834245
0.755137255674 8.87723494848
0.620309551353 9.03134487644
0.704079768099 9.27281328535
0.212964161509 7.64193850468
0.136371475587 7.84605259651
0.0145446656679 8.23428027179
0.350587558807 9.00131681186
0.589917686855 7.28485509211
0.3922440451 5.6228110004
0.437474922024 9.24674467731
0.904158694494 8.34559738507
0.348255467023 7.82000099918
0.51398948916 7.37185544142
0.783653012741 7.54897860064
0.396542782321 8.73109107517
0.622086700228 9.62541526099
0.862363708747 9.01058072551
0.949520623658 7.25751957883
0.147073480929 6.89497599453
0.926587625161 10.1715668809
0.49211629308 6.99743731046
0.258244388299 7.95809308468
0.459135756238 8.36209741954
0.980032575285 10.5193892255
0.492618093993 8.59743465039
0.328751610288 7.01318588998
0.633400854317 10.0967740646
0.240145618778 7.56190728331
0.0758633281087 7.20028544482
0.128879721911 6.45337120666
0.128045838958 6.94085526568
0.151902693512 6.57090536651
0.138827172649 7.24353545802
0.640874744803 10.6343327146
0.181880084399 6.17373911027
0.345667283324 6.42344045209
0.896788409906 11.1615355572
0.473961640263 8.21256124364
0.667557738521 8.3336004769
0.172319871202 8.556864301
0.192289018809 6.97125151669
0.0408686162665 8.94861556235
0.168935063072 8.18473106056
0.278590339032 7.34785960895
0.177010484277 9.6883396661
0.0887025337571 6.66039267827
0.120635871101 8.10400298531
0.460778768033 8.6816288845
0.206333718406 8.92074244462
0.364269861048 9.65432077987
0.503417270855 8.54225596163
0.690394828629 8.31776661554
0.0393121398411 7.57790856246
0.799410398909 8.72051582698
0.627900389491 10.897088416
0.0817590319489 7.38181242693
0.873578624107 9.25541432101
0.920872400532 9.94729750746
0.0610779598549 5.83610759003
0.276877648147 6.85901890593
0.806201279793 10.6190177473
0.748259690384 8.58788479218
0.184521019356 6.50665207539
0.209349323337 8.16470072254
0.370472102791 9.29712046304
0.484522985191 9.17252226624
0.61825477153 9.8508120004
0.36891363957 7.34994583014
0.462534716133 6.96579348166
0.747470938134 10.7437464664
0.0366832028906 6.78736976983
0.252436944344 7.50647781658
0.713349585885 10.4682428995
0.895206837687 10.2418505225
0.511677442116 8.99092009843
0.532113485265 10.7613428007
0.10717201134 6.67799780364
0.447412366823 9.27007722855
0.532617266455 8.65486492426
0.242470503635 7.99600378977
0.269243230949 9.33619811926
0.377284163105 8.6396882456
0.0200711977777 7.59850967238
0.322079165583 9.03874483406
0.211448006997 7.26939129145
0.327497352178 7.14328238919
0.119762131819 6.31447720144
0.89052728074 7.70522525284
0.593592453554 10.8369844906
0.679102319144 7.93409859171
0.789171238607 9.14626009224
0.498442198929 8.2185132969
0.0869202880874 7.56816756207
0.537106541819 9.42705683799
0.586841118021 9.62099684242
0.745439474184 8.65324098398
0.43165954623 8.1278569249
0.127580302796 7.66532085887
0.283775905799 7.60263659121
0.363082296399 9.69659246522
0.645917241332 9.42872667563
0.570778304669 9.44721270006
0.356096725898 8.73117144636
0.986515248793 11.1330196039
0.605774819357 8.99834601677
0.237226791736 6.41484842725
0.10178247262 7.70503536961
0.152859139184 6.80722052376
0.245957728385 7.2092565034
0.16068137326 8.06840813853
0.186567024051 8.79798414359
0.285095168694 7.87655708282
0.173373595295 7.82895379848
0.896765424626 11.3925112185
0.0802337456616 7.48145441647
0.52451138957 11.1752172829
0.41039682699 8.7967001266
0.982378616909 8.18637309157
0.112038902168 8.08945832761
0.397855599046 8.57472518202
0.969470433275 11.1981640539
0.865507125894 10.269702729
0.817072070949 9.31276022886
0.257902827045 6.54941024485
0.17088758739 7.30363950488
0.668643219924 8.15540920556
0.929375989128 9.20760451758
0.556762893014 9.25886708346
0.57161268947 10.3847425728
0.27997909366 8.2346088108
0.769492933192 8.11259573754
0.187043748558 8.00573391389
0.323679236404 9.16766919586
0.425436438616 7.66652641153
0.507610378684 8.38881396938
0.242409732415 7.74191739197
0.114836824739 6.55961216114
0.610620042442 9.48014056117
0.28863055324 7.74494351111
0.581238221423 9.16324710817
0.154362715274 6.57559596802
0.481140101855 8.00596200524
0.532589432552 9.32014965548
0.0518235368224 6.78263745838
0.336604278194 9.73677668582
0.134414676939 7.0036078452
0.0633749704728 7.41480963717
0.98996023239 10.902471529
0.322353844975 6.54869580199
0.809874445855 7.66881452558
0.254640654764 6.23826564972
0.681502722224 10.3070922701
0.76022785989 8.72882543378
0.595638740608 11.3451155075
0.47157618855 7.85048096699
0.411840914147 8.42007404564
0.348868266543 9.5887147522
0.929529144248 11.7946803209
0.830619407788 11.5533618
0.965026910667 11.1034469626
0.124297223486 8.39695419627
0.730867475204 9.78512937481
0.938340456821 10.5933824466
0.181233066166 6.99251348217
0.0664962673668 6.38128991868
0.74112064929 9.21998749046
0.57447311318 8.55323471701
0.841828776758 9.07225828095
0.139772376626 8.11570457734
0.79526731186 10.3411071442
0.201627320048 7.69328884644
0.163655942866 8.96849790965
0.164265797931 6.35110827966
0.814574720231 9.25006470141
0.665197220696 8.27876934149
0.523065424769 6.70265965723
0.358830484124 7.99381076653
0.877200540813 9.50985411406
0.392445107423 9.69078506551
0.816599439472 10.080610003
0.43913490857 7.29321790138
0.376944429425 9.98492585461
0.46267978567 9.60907305253
0.301377874164 8.48623132596
0.747609380176 9.01634404168
0.502720390092 7.54872193355
0.232212695147 7.32443130937
0.899574573275 10.7874723395
0.383891221373 10.0362599701
0.543552861114 10.1739021116
0.906472110965 9.23056691111
0.624237995914 7.75309655445
0.116898040708 7.49158036904
0.939832123613 8.05105700528
0.627708053071 9.2062918734
0.334905614657 7.85711425767
0.139272072663 6.95177971612
0.79402518927 7.78737250054
0.620072755929 9.37381837436
0.533461091976 8.06768243627
0.893892583051 8.51176091344
0.788597211225 6.49352942039
0.151674879733 7.42750973415
0.311722067796 9.70741780006
0.248489139814 9.40672663399
0.743946292573 8.77474262113
0.0335324347358 6.49838524385
0.569889684871 9.17844331069
0.762458685741 8.28899061803
0.876765636762 9.9320888101
0.342081748716 8.79232552453
0.821257304672 10.6907051379
0.110631736955 7.23174113439
0.846452291735 9.33568312503
0.127488662332 6.50448340024
0.39728729056 7.36498151764
0.79729536578 9.16540720544
0.149917427349 7.81711778886
0.229251395233 8.60133881193
0.722252568393 8.3635787545
0.720036536546 10.6527981786
0.641147632885 8.65231929761
0.693948444467 9.06047803905
0.542724443348 7.88096165089
0.251799058907 5.33115691645
0.345695993504 8.92113337687
0.181597716801 8.2816370475
0.908450561334 9.44402412688
0.583391794766 8.81716610152
0.400851416764 8.718493468
0.462005803644 6.82347155405
0.947283339612 9.31279734149
0.153351403116 8.25431888897
0.586229832017 7.50440007288
0.505888678884 8.81122396882
0.611454235435 7.47778090168
0.0181101838208 7.5207605339
0.872123908944 9.58073024453
0.932118282484 8.18122303155
0.565133183589 9.86013890522
0.696650823877 8.35536089483
0.922499381177 8.95724570652
0.707238634313 9.32228510017
0.152539042914 8.60625447817
0.576288360167 7.71304326152
0.606715046383 8.881824989
0.424130671302 8.70120851424
0.736444235625 9.90243831414
0.934367014769 9.97954259958
0.925568512907 9.40967769964
0.450839371404 7.52492789356
0.113238045841 7.42585802057
0.984841198962 8.8823845849
0.838898086446 6.59534377584
0.124662681203 7.81054784777
0.920841882617 10.6664604889
0.869896362062 7.24675665064
0.518838057126 7.54678346667
0.591275435745 9.39298056824
0.39900270387 10.2545035813
0.054761638822 7.18507862414
0.335197241646 7.27758878371
0.802853448598 9.22566390469
0.0046320230046 8.38877248816
0.333499171691 7.35453333595
0.398168693591 7.39531407412
0.537395602938 8.12944328663
0.919855616413 8.80623824098
0.346345994366 8.16170829909
0.346953201896 9.66553806416
0.73750124811 9.53558301745
0.45221794089 8.10430032054
0.22460482294 7.3820031999
0.452439516133 6.7941277397
0.14085702038 8.30568083829
0.176386986506 7.45132376251
0.498367772739 8.31462340463
0.418925449505 11.4498839164
0.914845901068 10.0432906116
0.362393899117 7.33539064725
0.580588350278 8.31540745463
0.63226428792 10.045238573
0.0130944565883 7.1525537803
0.663537372017 7.55233413773
0.17803596687 8.45333683518
0.961070317469 9.21506686687
0.148662727753 9.31928595948
0.414624123727 9.3239204369
0.0853496680786 6.80872710858
0.996874251846 11.2716391173
0.502195010331 8.57444054152
0.59538501732 9.63892872708
0.0670764773884 7.68596224946
0.749960470399 8.40352475621
0.209905593096 6.98616694697
0.898054289441 10.7241236859
0.205139640482 7.28064358934
0.190687720664 7.16841469875
0.0365496678481 6.15452642419
0.47206694511 8.83979990092
0.564841133263 10.757048319
0.0657086394284 6.12959300403
0.775527616695 9.35080230676
0.453288834748 9.77208705966
0.524390269328 8.49352941674
0.440762746938 8.77466003706
0.400763060875 7.13989565448
0.559640331308 9.10722809113
0.155240245931 7.27857647279
0.181928130495 8.53151438717
0.861785621014 10.7727429146
0.946115462134 12.4279100284
0.37330931628 8.69956112205
0.270744673144 8.13803033601
0.643999543239 9.12638293129
0.408734171098 7.87303622048
0.0253863556603 7.41464291044
0.156152597366 7.17305638196
0.715972228847 9.31637766281
0.65892394191 10.2943693613
0.0270959925035 6.07474541223
0.221972161933 8.80579504693
0.231074796588 9.0103394571
0.671892743599 8.89760970381
0.0197105377544 4.93727671425
0.104108581985 6.70450375886
0.799916085373 10.6967428027
0.178544662054 7.51276592386
0.652746107852 7.95893609126
0.238182781047 7.20977342191
0.0994413927593 8.13894420478
0.243172190999 8.2762501412
0.722266931856 8.9278686964
0.855696468106 9.2002649925
0.830219864567 9.09890144466
0.397183529618 7.26914040436
0.668085136571 10.6196310992
0.204984295416 7.29263241704
0.293147730261 9.09660171161
0.896335818521 11.2103235075
0.0130019235107 8.03731666868
0.0855085308545 6.82490527985
0.207886255146 8.02738885577
0.0265322038738 7.05540100523
0.18143543509 6.64060444454
0.58304156097 9.07348396463
0.421424550592 7.08523386062
0.892671711077 10.8656945217
0.817443561738 8.98771338792
0.341817351698 8.22661171097
0.259423433431 8.06155817184
0.379692408167 7.8801722508
0.590294942515 9.35757862902
0.268063640823 7.32928726585
0.624148907849 9.743744021
0.409411652191 6.88225527633
0.552047180852 8.7825211221
0.436126529135 10.2473085865
0.294465759542 6.88306595402
0.948453306962 9.16761495036
0.76360579416 9.80472523214
0.140113175766 7.59992130924
0.868467975898 9.95603402697
0.48743119825 8.9514807249
0.894552226894 10.3183781492
0.799855255947 10.5092656098
0.425213504469 8.68545917034
0.0224693083201 6.82615027034
0.268677359385 8.47860577936
0.541634214661 10.5247845789
0.633478219826 8.7678009131
0.257887685433 6.79913375163
0.139356074073 8.52514889151
0.834930236799 9.38440954644
0.984402180704 7.7805369961
0.525690182303 9.42449222406
0.171679285848 6.97970967159
0.272307326519 7.72638869725
0.0183906765475 7.38715236021
0.91429880656 9.93339609946
0.11775108289 8.06270506581
0.576516475514 8.29406305597
0.274055220687 8.33527146024
0.554178002516 8.40298732996
0.651420388352 9.69307164594
0.829741803707 10.1045928951
0.206421271761 6.68382511324
0.0109958286585 8.11896960215
0.136885630069 6.87469344509
0.900018641848 10.5081137238
0.873890077563 9.98895754609
0.59741310217 10.6304229833
0.600516860434 8.57808459893
0.665036674546 8.64579322752
0.175371278623 7.50669422998
0.914411945925 9.44005605494
0.418770524892 9.05625347662
0.383138528249 6.53310497631
0.518917705283 7.5030706967
0.0469659667751 6.07309497875
0.166283368756 8.44915769824
0.738033616426 10.9247142219
0.0827986679251 7.14394678524
0.603152109466 8.64063460521
0.245349109681 7.80609949216
0.389295614042 9.32976514473
0.288693736771 6.93872807612
0.355672716465 8.30538713213
0.719045905184 10.1323353453
0.297121715623 8.39245931681
0.566404640297 8.88879553749
0.476050402199 9.42919729916
0.663671165363 6.28778120309
0.936829739325 10.4883645375
0.73257209721 8.5436406085
0.214940378591 5.81418823892
0.0311831350613 7.60475200471
0.2622640443 9.16045067806
0.5950779307 8.64778527747
0.0514258134843 8.10715198766
0.496366247201 10.1013769996
0.596842848917 10.1054430003
0.334243890817 9.64269620182
0.770912203746 10.0548641023
0.106598253134 7.3952283983
0.0751377817358 5.62344753331
0.728188756204 8.93850378048
0.495491316206 7.6432273533
0.688402396428 11.2361499068
0.434827338604 8.12859620338
0.246402033239 7.8624109065
0.819102317674 10.0087923291
0.799415878969 9.44185008328
0.694696470854 10.779140453
0.27214513723 7.19378604996
0.590230666869 8.96529945584
0.36097389694 7.34045110512
0.0915820733266 5.95472370876
0.917313575462 9.14017163548
0.136818630919 7.37341909571
0.950237353821 9.42140983695
0.446005772958 7.645596339
