0.374540118847 8.12362035654
0.95071430641 9.85214291923
0.731993941811 9.19598182543
0.598658484197 8.79597545259
0.156018640442 7.46805592133
0.155994520336 7.46798356101
0.0580836121682 7.1742508365
0.866176145775 9.59852843732
0.601115011743 8.80334503523
0.708072577796 9.12421773339
0.0205844942958 7.06175348289
0.969909852162 9.90972955649
0.8324426408 9.4973279224
0.212339110678 7.63701733203
0.181824967207 7.54547490162
0.183404509853 7.55021352956
0.30424224296 7.91272672888
0.524756431632 8.5742692949
0.431945018642 8.29583505593
0.291229140198 7.87368742059
0.611852894722 8.83555868417
0.139493860652 7.41848158196
0.292144648535 7.87643394561
0.366361843294 8.09908552988
0.456069984217 8.36820995265
0.785175961393 9.35552788418
0.199673782158 7.59902134648
0.514234438414 8.54270331524
0.592414568862 8.77724370659
0.04645041272 7.13935123816
0.607544851901 8.8226345557
0.170524123687 7.51157237106
0.0650515929853 7.19515477896
0.948885537253 9.84665661176
0.965632033075 9.89689609922
0.808397348116 9.42519204435
0.304613769173 7.91384130752
0.0976721140064 7.29301634202
0.684233026512 9.05269907954
0.44015249374 8.32045748122
0.122038234845 7.36611470453
0.495176910111 8.48553073033
0.0343885211152 7.10316556335
0.909320402079 9.72796120624
0.2587799816 7.7763399448
0.662522284354 8.98756685306
0.311711076089 7.93513322827
0.520068021178 8.56020406353
0.546710279343 8.64013083803
0.184854455526 7.55456336658
0.969584627765 9.90875388329
0.775132823361 9.32539847008
0.939498941564 9.81849682469
0.894827350428 9.68448205128
0.597899978811 8.79369993643
0.921874235023 9.76562270507
0.0884925020519 7.26547750616
0.195982862419 7.58794858726
0.0452272889105 7.13568186673
0.325330330763 7.97599099229
0.388677289689 8.16603186907
0.271349031774 7.81404709532
0.828737509152 9.48621252746
0.356753326694 8.07025998008
0.280934509687 7.84280352906
0.542696083158 8.62808824947
0.140924224975 7.42277267492
0.802196980754 9.40659094226
0.0745506436798 7.22365193104
0.986886936601 9.9606608098
0.772244769297 9.31673430789
0.198715681534 7.5961470446
0.0055221171236 7.01656635137
0.815461428455 9.44638428536
0.706857343848 9.12057203154
0.729007168041 9.18702150412
0.771270346686 9.31381104006
0.0740446517341 7.2221339552
0.358465728544 8.07539718563
0.115869059525 7.34760717858
0.863103425876 9.58931027763
0.623298126828 8.86989438048
0.330898024853 7.99269407456
0.063558350286 7.19067505086
0.310982321716 7.93294696515
0.325183322027 7.97554996608
0.729606178338 9.18881853501
0.637557471355 8.91267241407
0.887212742576 9.66163822773
0.472214925162 8.41664477549
0.119594245938 7.35878273781
0.713244787223 9.13973436167
0.760785048617 9.28235514585
0.561277197569 8.68383159271
0.770967179955 9.31290153986
0.493795596364 8.48138678909
0.522732829382 8.56819848815
0.427541018359 8.28262305508
0.0254191267441 7.07625738023
0.107891426993 7.32367428098
0.0314291856867 7.09428755706
0.636410411264 8.90923123379
0.314355981076 7.94306794323
0.508570691165 8.52571207349
0.907566473926 9.72269942178
0.249292229149 7.74787668745
0.410382923036 8.23114876911
0.755551138543 9.26665341563
0.228798165492 7.68639449647
0.0769799098288 7.23093972949
0.289751452914 7.86925435874
0.161221287254 7.48366386176
0.929697652343 9.78909295703
0.808120379564 9.42436113869
0.63340375651 8.90021126953
0.871460590188 9.61438177056
0.803672076899 9.4110162307
0.186570058886 7.55971017666
0.89255899849 9.67767699547
0.539342241916 8.61802672575
0.807440155164 9.42232046549
0.896091299923 9.68827389977
0.318003474972 7.95401042492
0.110051924528 7.33015577358
0.227935162542 7.68380548763
0.427107788626 8.28132336588
0.818014765922 9.45404429777
0.860730583256 9.58219174977
0.00695213053119 7.02085639159
0.510747302578 8.53224190773
0.417411003149 8.25223300945
0.222107810471 7.66632343141
0.119865367334 7.359596102
0.337615171404 8.01284551421
0.942909703913 9.82872911174
0.323202932021 7.96960879606
0.518790621743 8.55637186523
0.703018958895 9.10905687669
0.363629602379 8.09088880714
0.971782082721 9.91534624816
0.962447294942 9.88734188483
0.251782295825 7.75534688748
0.497248505892 8.49174551768
0.300878309817 7.90263492945
0.284840494377 7.85452148313
0.0368869473545 7.11066084206
0.60956433398 8.82869300194
0.502679023229 8.50803706969
0.05147875125 7.15443625375
0.278646464237 7.83593939271
0.908265885967 9.7247976579
0.239561890667 7.718685672
0.144894872091 7.43468461627
0.489452760278 8.46835828083
0.985650454111 9.95695136233
0.242055271512 7.72616581453
0.672135547406 9.01640664222
0.761619615329 9.28485884599
0.237637543992 7.71291263198
0.728216348612 9.18464904584
0.367783132719 8.10334939816
0.632305830594 8.89691749178
0.633529710761 8.90058913228
0.535774684075 8.60732405222
0.0902897700544 7.27086931016
0.835302495589 9.50590748677
0.320780064972 7.96234019492
0.1865185104 7.5595555312
0.0407751415548 7.12232542466
0.590892943188 8.77267882956
0.677564361842 9.03269308553
0.0165878289279 7.04976348678
0.512093058299 8.5362791749
0.226495775198 7.67948732559
0.645172790409 8.93551837123
0.174366429005 7.52309928701
0.690937738102 9.07281321431
0.386735346301 8.1602060389
0.936729988737 9.81018996621
0.137520944146 7.41256283244
0.34106635105 8.02319905315
0.113473521241 7.34042056372
0.924693618279 9.77408085484
0.877339353381 9.63201806014
0.257941627715 7.77382488315
0.659984046034 8.9799521381
0.817222200201 9.4516666006
0.555200811599 8.6656024348
0.529650578356 8.58895173507
0.2418522909 7.7255568727
0.0931027678059 7.27930830342
0.897215757953 9.69164727386
0.900418057163 9.70125417149
0.633101457273 8.89930437182
0.339029791049 8.01708937315
0.349209574613 8.04762872384
0.72595567887 9.17786703661
0.897110259953 9.69133077986
0.887086424265 9.6612592728
0.779875545858 9.33962663757
0.642031646154 8.92609493846
0.084139964995 7.25241989499
0.161628714095 7.48488614228
0.898554188527 9.69566256558
0.60642905966 8.81928717898
0.00919705161663 7.02759115485
0.101471542866 7.3044146286
0.663501769108 8.99050530732
0.00506158384622 7.01518475154
0.160808051417 7.48242415425
0.548733789367 8.6462013681
0.691895197693 9.07568559308
0.651961259503 8.95588377851
0.224269309461 7.67280792838
0.712179221348 9.13653766404
0.237249087497 7.71174726249
0.325399698159 7.97619909448
0.746491405118 9.23947421535
0.649632899047 8.94889869714
0.849223410494 9.54767023148
0.6576128923 8.9728386769
0.568308603335 8.70492581001
0.0936747678281 7.28102430348
0.367715803059 8.10314740918
0.265202367682 7.79560710305
0.243989643379 7.73196893014
0.973010554752 9.91903166426
0.393097724667 8.179293174
0.892046555177 9.67613966553
0.631138625997 8.89341587799
0.794811303542 9.38443391062
0.502637093105 8.50791127932
0.576903884626 8.73071165388
0.492517693819 8.47755308146
0.195242987798 7.58572896339
0.722452115262 9.16735634578
0.280772362441 7.84231708732
0.0243159664315 7.07294789929
0.645472295907 8.93641688772
0.177110679407 7.53133203822
0.940458584353 9.82137575306
0.953928577003 9.86178573101
0.91486439022 9.74459317066
0.370158700255 8.11047610077
0.0154566165289 7.04636984959
0.928318562588 9.78495568776
0.428184148317 8.28455244495
0.966654819044 9.89996445713
0.963619977089 9.89085993127
0.853009455467 9.5590283664
0.29444889207 7.88334667621
0.385097728602 8.15529318581
0.851136671517 9.55341001455
0.316922005156 7.95076601547
0.169492746686 7.50847824006
0.556801262458 8.67040378738
0.936154774161 9.80846432248
0.696029796675 9.08808939002
0.570061170089 8.71018351027
0.0971764937708 7.29152948131
0.615007226699 8.8450216801
0.990053850104 9.97016155031
0.140084015237 7.42025204571
0.518329652364 8.55498895709
0.877373071928 9.63211921578
0.740768617754 9.22230585326
0.697015740995 9.09104722299
0.702484083987 9.10745225196
0.35949115122 8.07847345366
0.293591844264 7.88077553279
0.809361155479 9.42808346644
0.810113394679 9.43034018404
0.86707231858 9.60121695574
0.913240552556 9.73972165767
0.511342398861 8.53402719658
0.501516294687 8.50454888406
0.798295178967 9.3948855369
0.649963930778 8.94989179233
0.701966877258 9.10590063177
0.795792669436 9.38737800831
0.890005341818 9.67001602545
0.337995156852 8.01398547055
0.37558295264 8.12674885792
0.0939819398409 7.28194581952
0.578280140996 8.73484042299
0.0359422737967 7.10782682139
0.465598018132 8.3967940544
0.542644634708 8.62793390412
0.286541252128 7.85962375638
0.590833260569 8.77249978171
0.030500249939 7.09150074982
0.0373481887492 7.11204456625
0.82260056066 9.46780168198
0.360190641411 8.08057192423
0.127060512652 7.38118153796
0.522243260055 8.56672978016
0.769993553099 9.3099806593
0.215821027497 7.64746308249
0.622890475819 8.86867142746
0.0853474649938 7.25604239498
0.0516817211686 7.15504516351
0.531354631568 8.5940638947
0.54063512161 8.62190536483
0.637429901498 8.91228970449
0.726091333723 9.17827400117
0.975852079463 9.92755623839
0.516300348301 8.5489010449
0.322956472941 7.96886941882
0.795186194769 9.38555858431
0.270832251262 7.81249675379
0.438971420706 8.31691426212
0.0784563813423 7.23536914403
0.0253507434155 7.07605223025
0.962648414678 9.88794524403
0.835980120512 9.50794036154
0.695974206094 9.08792261828
0.408952944414 8.22685883324
0.173294320071 7.51988296021
0.156437042671 7.46931112801
0.250242898165 7.75072869449
0.549226664706 8.64767999412
0.7145959227 9.1437877681
0.660197376718 8.98059213015
0.279933896946 7.83980169084
0.954865280663 9.86459584199
0.737896916696 9.21369075009
0.554354052511 8.66306215753
0.611720746234 8.8351622387
0.419600062428 8.25880018728
0.247730989501 7.7431929685
0.355972678651 8.06791803595
0.757846110464 9.27353833139
0.0143934886298 7.04318046589
0.116072640507 7.34821792152
0.0460026420218 7.13800792607
0.040728802319 7.12218640696
0.855460584011 9.56638175203
0.70365785938 9.11097357814
0.474173829087 8.42252148726
0.097834160651 7.29350248195
0.491615875117 8.47484762535
0.473471770781 8.42041531234
0.17320186991 7.51960560973
0.433851649238 8.30155494771
0.398504734397 8.19551420319
0.615850098052 8.84755029416
0.635093650868 8.9052809526
0.045304009772 7.13591202932
0.374612614626 8.12383784388
0.625859915714 8.87757974714
0.50313625858 8.50940877574
0.856489841188 9.56946952356
0.658693631619 8.97608089486
0.162934427081 7.48880328124
0.0705687474004 7.2117062422
0.642419278206 8.92725783462
0.0265113105416 7.07953393162
0.585775581273 8.75732674382
0.940230241425 9.82069072427
0.575474177876 8.72642253363
0.388169926207 8.16450977862
0.643288218442 8.92986465533
0.458252890492 8.37475867147
0.545616789316 8.63685036795
0.941464808777 9.82439442633
0.386102637801 8.1583079134
0.961190563824 9.88357169147
0.905350641956 9.71605192587
0.195791134789 7.58737340437
0.0693613008752 7.20808390263
0.100778001377 7.30233400413
0.0182218256515 7.05466547695
0.0944429607559 7.28332888227
0.683006773416 9.04902032025
0.0711886484602 7.21356594538
0.318975630294 7.95692689088
0.844875310969 9.53462593291
0.0232719357358 7.06981580721
0.814468482589 9.44340544777
0.281854774773 7.84556432432
0.118164827622 7.35449448286
0.696737165364 9.09021149609
0.62894284678 8.88682854034
0.877472013527 9.63241604058
0.735071043804 9.20521313141
0.803480930385 9.41044279115
0.282034572571 7.84610371771
0.17743954378 7.53231863134
0.750614751641 9.25184425492
0.806834739267 9.4205042178
0.990505142001 9.971515426
0.412617676911 8.23785303073
0.372018085793 8.11605425738
0.776412960742 9.32923888223
0.340803540253 8.02241062076
0.930757325604 9.79227197681
0.858412751843 9.57523825553
0.428994027375 8.28698208213
0.750871067791 9.25261320337
0.754542874085 9.26362862225
0.103123868836 7.30937160651
0.90255290668 9.70765872004
0.505252372448 8.51575711734
0.826457466108 9.47937239832
0.320049601031 7.96014880309
0.895523228496 9.68656968549
0.389201678734 8.1676050362
0.0108376514803 7.03251295444
0.905381976419 9.71614592926
0.0912866767861 7.27386003036
0.31931363759 7.95794091277
0.950061967051 9.85018590115
0.950607146938 9.85182144081
0.573437888123 8.72031366437
0.63183721217 8.89551163651
0.448445521978 8.34533656593
0.293210771698 7.87963231509
0.32866454537 7.98599363611
0.672518456077 9.01755536823
0.752374529438 9.25712358831
0.791579043726 9.37473713118
0.789618142795 9.36885442838
0.0912061030487 7.27361830915
0.494420304703 8.48326091411
0.0575587600166 7.17267628005
0.549528882324 8.64858664697
0.441530501373 8.32459150412
0.887704182758 9.66311254827
0.350915012552 8.05274503766
0.117067016428 7.35120104928
0.142991682053 7.42897504616
0.761510631717 9.28453189515
0.618218063316 8.85465418995
0.101122676123 7.30336802837
0.084106806115 7.25232041834
0.700969131459 9.10290739438
0.0727630063642 7.21828901909
0.82186005929 9.46558017787
0.706242227156 9.11872668147
0.0813487806419 7.24404634193
0.0848377140852 7.25451314226
0.986639578501 9.9599187355
0.374270795756 8.12281238727
0.370642147067 8.1119264412
0.812799567258 9.43839870177
0.947248577384 9.84174573215
0.986001063823 9.95800319147
0.753378185259 9.26013455578
0.376259585531 8.12877875659
0.0835007166987 7.2505021501
0.777146915927 9.33144074778
0.558404249736 8.67521274921
0.424222009247 8.27266602774
0.906354385095 9.71906315528
0.111197482306 7.33359244692
0.492625104291 8.47787531287
0.0113536447674 7.0340609343
0.468660641994 8.40598192598
0.0563032756818 7.16890982705
0.118817916268 7.3564537488
0.117526246777 7.35257874033
0.649210302116 8.94763090635
0.746044879265 9.2381346378
0.583368765097 8.75010629529
0.962172548475 9.88651764542
0.374870579524 8.12461173857
0.285712086282 7.85713625885
0.868599128189 9.60579738457
0.223595838519 7.67078751556
0.963222539441 9.88966761832
0.0121544746898 7.03646342407
0.969878826708 9.90963648012
0.0431599119506 7.12947973585
0.891143113698 9.67342934109
0.527701109086 8.58310332726
0.992964796119 9.97889438836
0.0737965647354 7.22138969421
0.553854284401 8.6615628532
0.969302535619 9.90790760686
0.52309784417 8.56929353251
0.629398638135 8.88819591441
0.695748688985 9.08724606695
0.454541064768 8.3636231943
0.627558080084 8.88267424025
0.584314311923 8.75294293577
0.901158010491 9.70347403147
0.0454463803415 7.13633914102
0.280963189592 7.84288956878
0.950411484077 9.85123445223
0.890263783891 9.67079135167
0.455656752786 8.36697025836
0.620132597802 8.8603977934
0.277381182981 7.83214354894
0.188121159724 7.56436347917
0.46369840494 8.39109521482
0.353352228026 8.06005668408
0.583656111851 8.75096833555
0.077734636965 7.23320391089
0.974394807666 9.923184423
0.98621074448 9.95863223344
0.69816171402 9.09448514206
0.536096366344 8.60828909903
0.309527616286 7.92858284886
0.813795019707 9.44138505912
0.684731172554 9.05419351766
0.162616939345 7.48785081803
0.910927184494 9.73278155348
0.822537242923 9.46761172877
0.949799913292 9.84939973988
0.725719508388 9.17715852517
0.613415195936 8.84024558781
0.418243036291 8.25472910887
0.932728483354 9.79818545006
0.8660638895 9.5981916685
0.0452186701062 7.13565601032
0.0263669744973 7.07910092349
0.376463366878 8.12939010063
0.810553330782 9.43165999235
0.987276129315 9.96182838794
0.150416891104 7.45125067331
0.594130715352 8.78239214606
0.380890856631 8.14267256989
0.969914397815 9.90974319344
0.842118923136 9.52635676941
0.838328704711 9.51498611413
0.468693159795 8.40607947938
0.414819502338 8.24445850701
0.273407071931 7.82022121579
0.0563754966509 7.16912648995
0.864722376255 9.59416712877
0.81290100913 9.43870302739
0.999717673286 9.99915301986
0.996636837074 9.98991051122
0.555431705603 8.66629511681
0.768987415181 9.30696224554
0.944765729882 9.83429718965
0.849647390677 9.54894217203
0.247348101743 7.74204430523
0.45054413531 8.35163240593
0.129159415151 7.38747824545
0.954051027259 9.86215308178
0.606174634451 8.81852390335
0.228642805503 7.68592841651
0.671700684406 9.01510205322
0.618128240458 8.85438472137
0.358162718033 8.0744881541
0.1135575922 7.3406727766
0.671573195593 9.01471958678
0.520307700904 8.56092310271
0.772318391736 9.31695517521
0.520163501112 8.56049050334
0.852181500319 9.55654450096
0.551906838774 8.65572051632
0.560937971535 8.68281391461
0.876653602658 9.62996080798
0.403482866212 8.21044859864
0.134015228451 7.40204568535
0.0287826763133 7.08634802894
0.755137255674 9.26541176702
0.620309551353 8.86092865406
0.704079768099 9.1122393043
0.212964161509 7.63889248453
0.136371475587 7.40911442676
0.0145446656679 7.043633997
0.350587558807 8.05176267642
0.589917686855 8.76975306056
0.3922440451 8.1767321353
0.437474922024 8.31242476607
0.904158694494 9.71247608348
0.348255467023 8.04476640107
0.51398948916 8.54196846748
0.783653012741 9.35095903822
0.396542782321 8.18962834696
0.622086700228 8.86626010068
0.862363708747 9.58709112624
0.949520623658 9.84856187097
0.147073480929 7.44122044279
0.926587625161 9.77976287548
0.49211629308 8.47634887924
0.258244388299 7.7747331649
0.459135756238 8.37740726871
0.980032575285 9.94009772586
0.492618093993 8.47785428198
0.328751610288 7.98625483086
0.633400854317 8.90020256295
0.240145618778 7.72043685633
0.0758633281087 7.22758998433
0.128879721911 7.38663916573
0.128045838958 7.38413751687
0.151902693512 7.45570808054
0.138827172649 7.41648151795
0.640874744803 8.92262423441
0.181880084399 7.5456402532
0.345667283324 8.03700184997
0.896788409906 9.69036522972
0.473961640263 8.42188492079
0.667557738521 9.00267321556
0.172319871202 7.5169596136
0.192289018809 7.57686705643
0.0408686162665 7.1226058488
0.168935063072 7.50680518922
0.278590339032 7.8357710171
0.177010484277 7.53103145283
0.0887025337571 7.26610760127
0.120635871101 7.3619076133
0.460778768033 8.3823363041
0.206333718406 7.61900115522
0.364269861048 8.09280958314
0.503417270855 8.51025181256
0.690394828629 9.07118448589
0.0393121398411 7.11793641952
0.799410398909 9.39823119673
0.627900389491 8.88370116847
0.0817590319489 7.24527709585
0.873578624107 9.62073587232
0.920872400532 9.7626172016
0.0610779598549 7.18323387956
0.276877648147 7.83063294444
0.806201279793 9.41860383938
0.748259690384 9.24477907115
0.184521019356 7.55356305807
0.209349323337 7.62804797001
0.370472102791 8.11141630837
0.484522985191 8.45356895557
0.61825477153 8.85476431459
0.36891363957 8.10674091871
0.462534716133 8.3876041484
0.747470938134 9.2424128144
0.0366832028906 7.11004960867
0.252436944344 7.75731083303
0.713349585885 9.14004875765
0.895206837687 9.68562051306
0.511677442116 8.53503232635
0.532113485265 8.5963404558
0.10717201134 7.32151603402
0.447412366823 8.34223710047
0.532617266455 8.59785179937
0.242470503635 7.7274115109
0.269243230949 7.80772969285
0.377284163105 8.13185248931
0.0200711977777 7.06021359333
0.322079165583 7.96623749675
0.211448006997 7.63434402099
0.327497352178 7.98249205653
0.119762131819 7.35928639546
0.89052728074 9.67158184222
0.593592453554 8.78077736066
0.679102319144 9.03730695743
0.789171238607 9.36751371582
0.498442198929 8.49532659679
0.0869202880874 7.26076086426
0.537106541819 8.61131962546
0.586841118021 8.76052335406
0.745439474184 9.23631842255
0.43165954623 8.29497863869
0.127580302796 7.38274090839
0.283775905799 7.8513277174
0.363082296399 8.0892468892
0.645917241332 8.93775172399
0.570778304669 8.71233491401
0.356096725898 8.06829017769
0.986515248793 9.95954574638
0.605774819357 8.81732445807
0.237226791736 7.71168037521
0.10178247262 7.30534741786
0.152859139184 7.45857741755
0.245957728385 7.73787318515
0.16068137326 7.48204411978
0.186567024051 7.55970107215
0.285095168694 7.85528550608
0.173373595295 7.52012078588
0.896765424626 9.69029627388
0.0802337456616 7.24070123698
0.52451138957 8.57353416871
0.41039682699 8.23119048097
0.982378616909 9.94713585073
0.112038902168 7.3361167065
0.397855599046 8.19356679714
0.969470433275 9.90841129983
0.865507125894 9.59652137768
0.817072070949 9.45121621285
0.257902827045 7.77370848113
0.17088758739 7.51266276217
0.668643219924 9.00592965977
0.929375989128 9.78812796738
0.556762893014 8.67028867904
0.57161268947 8.71483806841
0.27997909366 7.83993728098
0.769492933192 9.30847879958
0.187043748558 7.56113124567
0.323679236404 7.97103770921
0.425436438616 8.27630931585
0.507610378684 8.52283113605
0.242409732415 7.72722919725
0.114836824739 7.34451047422
0.610620042442 8.83186012732
0.28863055324 7.86589165972
0.581238221423 8.74371466427
0.154362715274 7.46308814582
0.481140101855 8.44342030556
0.532589432552 8.59776829765
0.0518235368224 7.15547061047
0.336604278194 8.00981283458
0.134414676939 7.40324403082
0.0633749704728 7.19012491142
0.98996023239 9.96988069717
0.322353844975 7.96706153492
0.809874445855 9.42962333756
0.254640654764 7.76392196429
0.681502722224 9.04450816667
0.76022785989 9.28068357967
0.595638740608 8.78691622182
0.47157618855 8.41472856565
0.411840914147 8.23552274244
0.348868266543 8.04660479963
0.929529144248 9.78858743274
0.830619407788 9.49185822336
0.965026910667 9.895080732
0.124297223486 7.37289167046
0.730867475204 9.19260242561
0.938340456821 9.81502137046
0.181233066166 7.5436991985
0.0664962673668 7.1994888021
0.74112064929 9.22336194787
0.57447311318 8.72341933954
0.841828776758 9.52548633027
0.139772376626 7.41931712988
0.79526731186 9.38580193558
0.201627320048 7.60488196014
0.163655942866 7.4909678286
0.164265797931 7.49279739379
0.814574720231 9.44372416069
0.665197220696 8.99559166209
0.523065424769 8.56919627431
0.358830484124 8.07649145237
0.877200540813 9.63160162244
0.392445107423 8.17733532227
0.816599439472 9.44979831841
0.43913490857 8.31740472571
0.376944429425 8.13083328827
0.46267978567 8.38803935701
0.301377874164 7.90413362249
0.747609380176 9.24282814053
0.502720390092 8.50816117028
0.232212695147 7.69663808544
0.899574573275 9.69872371982
0.383891221373 8.15167366412
0.543552861114 8.63065858334
0.906472110965 9.71941633289
0.624237995914 8.87271398774
0.116898040708 7.35069412213
0.939832123613 9.81949637084
0.627708053071 8.88312415921
0.334905614657 8.00471684397
0.139272072663 7.41781621799
0.79402518927 9.38207556781
0.620072755929 8.86021826779
0.533461091976 8.60038327593
0.893892583051 9.68167774915
0.788597211225 9.36579163367
0.151674879733 7.4550246392
0.311722067796 7.93516620339
0.248489139814 7.74546741944
0.743946292573 9.23183887772
0.0335324347358 7.10059730421
0.569889684871 8.70966905461
0.762458685741 9.28737605722
0.876765636762 9.63029691029
0.342081748716 8.02624524615
0.821257304672 9.46377191402
0.110631736955 7.33189521087
0.846452291735 9.5393568752
0.127488662332 7.382465987
0.39728729056 8.19186187168
0.79729536578 9.39188609734
0.149917427349 7.44975228205
0.229251395233 7.6877541857
0.722252568393 9.16675770518
0.720036536546 9.16010960964
0.641147632885 8.92344289866
0.693948444467 9.0818453334
0.542724443348 8.62817333004
0.251799058907 7.75539717672
0.345695993504 8.03708798051
0.181597716801 7.5447931504
0.908450561334 9.725351684
0.583391794766 8.7501753843
0.400851416764 8.20255425029
0.462005803644 8.38601741093
0.947283339612 9.84185001884
0.153351403116 7.46005420935
0.586229832017 8.75868949605
0.505888678884 8.51766603665
0.611454235435 8.8343627063
0.0181101838208 7.05433055146
0.872123908944 9.61637172683
0.932118282484 9.79635484745
0.565133183589 8.69539955077
0.696650823877 9.08995247163
0.922499381177 9.76749814353
0.707238634313 9.12171590294
0.152539042914 7.45761712874
0.576288360167 8.7288650805
0.606715046383 8.82014513915
0.424130671302 8.27239201391
0.736444235625 9.20933270687
0.934367014769 9.80310104431
0.925568512907 9.77670553872
0.450839371404 8.35251811421
0.113238045841 7.33971413752
0.984841198962 9.95452359689
0.838898086446 9.51669425934
0.124662681203 7.37398804361
0.920841882617 9.76252564785
0.869896362062 9.60968908619
0.518838057126 8.55651417138
0.591275435745 8.77382630723
0.39900270387 8.19700811161
0.054761638822 7.16428491647
0.335197241646 8.00559172494
0.802853448598 9.40856034579
0.0046320230046 7.01389606901
0.333499171691 8.00049751507
0.398168693591 8.19450608077
0.537395602938 8.61218680881
0.919855616413 9.75956684924
0.346345994366 8.0390379831
0.346953201896 8.04085960569
0.73750124811 9.21250374433
0.45221794089 8.35665382267
0.22460482294 7.67381446882
0.452439516133 8.3573185484
0.14085702038 7.42257106114
0.176386986506 7.52916095952
0.498367772739 8.49510331822
0.418925449505 8.25677634851
0.914845901068 9.7445377032
0.362393899117 8.08718169735
0.580588350278 8.74176505083
0.63226428792 8.89679286376
0.0130944565883 7.03928336977
0.663537372017 8.99061211605
0.17803596687 7.53410790061
0.961070317469 9.88321095241
0.148662727753 7.44598818326
0.414624123727 8.24387237118
0.0853496680786 7.25604900424
0.996874251846 9.99062275554
0.502195010331 8.50658503099
0.59538501732 8.78615505196
0.0670764773884 7.20122943217
0.749960470399 9.2498814112
0.209905593096 7.62971677929
0.898054289441 9.69416286832
0.205139640482 7.61541892145
0.190687720664 7.57206316199
0.0365496678481 7.10964900354
0.47206694511 8.41620083533
0.564841133263 8.69452339979
0.0657086394284 7.19712591829
0.775527616695 9.32658285009
0.453288834748 8.35986650424
0.524390269328 8.57317080798
0.440762746938 8.32228824081
0.400763060875 8.20228918263
0.559640331308 8.67892099392
0.155240245931 7.46572073779
0.181928130495 7.54578439149
0.861785621014 9.58535686304
0.946115462134 9.8383463864
0.37330931628 8.11992794884
0.270744673144 7.81223401943
0.643999543239 8.93199862972
0.408734171098 8.22620251329
0.0253863556603 7.07615906698
0.156152597366 7.4684577921
0.715972228847 9.14791668654
0.65892394191 8.97677182573
0.0270959925035 7.08128797751
0.221972161933 7.6659164858
0.231074796588 7.69322438976
0.671892743599 9.0156782308
0.0197105377544 7.05913161326
0.104108581985 7.31232574595
0.799916085373 9.39974825612
0.178544662054 7.53563398616
0.652746107852 8.95823832356
0.238182781047 7.71454834314
0.0994413927593 7.29832417828
0.243172190999 7.729516573
0.722266931856 9.16680079557
0.855696468106 9.56708940432
0.830219864567 9.4906595937
0.397183529618 8.19155058886
0.668085136571 9.00425540971
0.204984295416 7.61495288625
0.293147730261 7.87944319078
0.896335818521 9.68900745556
0.0130019235107 7.03900577053
0.0855085308545 7.25652559256
0.207886255146 7.62365876544
0.0265322038738 7.07959661162
0.18143543509 7.54430630527
0.58304156097 8.74912468291
0.421424550592 8.26427365178
0.892671711077 9.67801513323
0.817443561738 9.45233068522
0.341817351698 8.02545205509
0.259423433431 7.77827030029
0.379692408167 8.1390772245
0.590294942515 8.77088482754
0.268063640823 7.80419092247
0.624148907849 8.87244672355
0.409411652191 8.22823495657
0.552047180852 8.65614154256
0.436126529135 8.30837958741
0.294465759542 7.88339727863
0.948453306962 9.84535992089
0.76360579416 9.29081738248
0.140113175766 7.4203395273
0.868467975898 9.60540392769
0.48743119825 8.46229359475
0.894552226894 9.68365668068
0.799855255947 9.39956576784
0.425213504469 8.27564051341
0.0224693083201 7.06740792496
0.268677359385 7.80603207815
0.541634214661 8.62490264398
0.633478219826 8.90043465948
0.257887685433 7.7736630563
0.139356074073 7.41806822222
0.834930236799 9.5047907104
0.984402180704 9.95320654211
0.525690182303 8.57707054691
0.171679285848 7.51503785754
0.272307326519 7.81692197956
0.0183906765475 7.05517202964
0.91429880656 9.74289641968
0.11775108289 7.35325324867
0.576516475514 8.72954942654
0.274055220687 7.82216566206
0.554178002516 8.66253400755
0.651420388352 8.95426116506
0.829741803707 9.48922541112
0.206421271761 7.61926381528
0.0109958286585 7.03298748598
0.136885630069 7.41065689021
0.900018641848 9.70005592554
0.873890077563 9.62167023269
0.59741310217 8.79223930651
0.600516860434 8.8015505813
0.665036674546 8.99511002364
0.175371278623 7.52611383587
0.914411945925 9.74323583777
0.418770524892 8.25631157468
0.383138528249 8.14941558475
0.518917705283 8.55675311585
0.0469659667751 7.14089790033
0.166283368756 7.49885010627
0.738033616426 9.21410084928
0.0827986679251 7.24839600378
0.603152109466 8.8094563284
0.245349109681 7.73604732904
0.389295614042 8.16788684213
0.288693736771 7.86608121031
0.355672716465 8.06701814939
0.719045905184 9.15713771555
0.297121715623 7.89136514687
0.566404640297 8.69921392089
0.476050402199 8.4281512066
0.663671165363 8.99101349609
0.936829739325 9.81048921797
0.73257209721 9.19771629163
0.214940378591 7.64482113577
0.0311831350613 7.09354940518
0.2622640443 7.7867921329
0.5950779307 8.7852337921
0.0514258134843 7.15427744045
0.496366247201 8.4890987416
0.596842848917 8.79052854675
0.334243890817 8.00273167245
0.770912203746 9.31273661124
0.106598253134 7.3197947594
0.0751377817358 7.22541334521
0.728188756204 9.18456626861
0.495491316206 8.48647394862
0.688402396428 9.06520718928
0.434827338604 8.30448201581
0.246402033239 7.73920609972
0.819102317674 9.45730695302
0.799415878969 9.39824763691
0.694696470854 9.08408941256
0.27214513723 7.81643541169
0.590230666869 8.77069200061
0.36097389694 8.08292169082
0.0915820733266 7.27474621998
0.917313575462 9.75194072639
0.136818630919 7.41045589276
0.950237353821 9.85071206146
0.446005772958 8.33801731887
