-0.665034835482 5.05456690886
-0.790864319331 4.61358061189
0.272860499087 7.88335035107
0.412951452974 8.39115734456
-0.936827710349 4.16610153148
0.872424492487 9.59385978177
-0.896057432697 4.46974898346
0.0825926706021 7.32452148472
0.418121038902 8.20741567811
0.741938247492 9.28007074684
0.428173864265 8.23817982351
0.60345616614 8.76379552306
-0.321099614914 6.06089738241
0.629650227493 8.69762265801
-0.839770307231 4.30819729506
0.789633312121 9.31267118344
0.0951847523075 7.18427114489
0.634595539925 8.93521135303
-0.0953634309634 6.62310729956
0.287155390393 7.72023580105
0.0528053218722 7.30498084251
0.463179043511 8.36695950048
-0.836740035939 4.49653271265
-0.879295832019 4.21963768532
-0.50579353198 5.42818113161
-0.680910639774 4.96836033965
0.743567133184 9.11560204181
-0.561572025284 5.35285372598
0.951730511638 9.79512766592
-0.326208416458 5.99220537565
-0.635764168623 5.03253683291
0.579397014285 8.92341886131
0.317415551002 7.95089693053
-0.00360856709372 6.88340320582
0.110727101875 7.41443579684
0.438403556545 8.19312630464
-0.543090517337 5.39161480749
0.992667832113 9.78203648395
0.949586324294 9.71594036799
0.300651372694 7.92164024167
-0.600915098142 5.27110136357
0.360456484863 8.09850628271
-0.855603182042 4.42162562564
-0.938694995588 4.15380464368
-0.484634222978 5.39824513203
-0.0747540865214 6.7037533196
0.736545010817 9.16357115535
0.454338139533 8.46872664122
0.4854130424 8.49060095616
-0.149013331104 6.37665599115
-0.308130014906 6.10801835222
-0.257922474031 6.18772434987
0.975299127472 9.85820518239
-0.919781617175 4.30182277736
0.734062992245 9.30528892898
0.157350817145 7.56518046335
-0.122769161621 6.54777076282
0.45051532083 8.32062472491
-0.0266621171506 6.95313999169
0.746846476163 9.3380939412
0.801403728023 9.35629376028
-0.156558146253 6.51175966357
-0.44634440553 5.55033328601
0.184700657187 7.43448130915
0.824726691233 9.55543265594
-0.578675621989 5.39959713689
0.245933167127 7.73059848922
0.263120440185 7.88971461034
0.466226044831 8.434841737
-0.736864629745 4.7248941353
0.431649929364 8.33108934864
0.818065041331 9.60799878064
-0.64063378226 5.07451604931
-0.524913350152 5.58172431512
0.942790188083 9.56639605384
-0.638046094581 5.16805196669
0.708770186739 9.13501526704
-0.0154442871039 6.92376640364
-0.505537851194 5.49256252407
0.741499802545 9.02574251617
-0.109389489995 6.64986434123
0.0296347078594 7.12461538073
-0.2815332612 6.30318962087
0.18590170287 7.50587808678
-0.67295225483 4.90029387522
-0.217836926696 6.29631351555
0.938824644671 9.90801414578
-0.483733134598 5.58167570717
0.313473329083 7.88744396687
-0.349619871551 6.00246712866
0.546946251373 8.65054650905
-0.738252678563 4.88210646336
0.939642090157 9.74872096108
-0.0924209172327 6.68997103364
-0.527899073307 5.37709196477
-0.85300650534 4.29462898917
-0.660484189825 5.04815945823
0.039547897112 7.14474921855
-0.325993647137 6.02253040425
0.657766731765 8.94984148196
-0.138224952676 6.44378806777
-0.502571454825 5.45022110325
0.234289973208 7.66859846797
0.413554433771 8.16043557439
-0.665916184198 4.98612287624
-0.664761567423 5.04612038341
-0.926657146133 4.40864715172
0.472804030131 8.43586987168
0.327609055244 8.0085822048
-0.0507382485004 6.84034066292
0.688340897938 8.87314557229
0.6113403059 8.83136953016
0.170708728794 7.51814920737
0.736542561027 9.45595189433
-0.588317579926 5.21581116374
-0.776160761205 4.70167245062
-0.460500776966 5.61502649213
-0.885826287821 4.22565333277
0.0623390560021 7.30129944946
0.87321138459 9.69482745704
-0.921312918663 4.31516443872
-0.75578017198 4.64172073858
-0.0956019434331 6.85347360079
0.867750035056 9.46306499889
-0.367687790046 5.95562233924
0.0144696173768 7.26245441471
-0.916854281899 4.15038352179
-0.703313598076 4.83342943281
0.973260245918 9.92974587426
0.930237392872 9.7403646132
-0.990120038131 3.8745735425
0.903623570846 9.71772701002
0.278239875631 7.72848925552
0.73583658904 9.25486901018
-0.0905202887323 6.63649671038
0.0311920571585 7.24856961198
-0.0223068394862 6.85475415231
0.333728515092 7.96897939366
-0.720697490487 4.91925925027
-0.940052820255 4.05675510759
-0.384140116818 5.87032564301
0.409361525473 8.35879885185
-0.596293095754 5.05037238928
0.34686486665 8.0590579858
0.939824092215 9.84546055607
-0.812198568421 4.64158658191
0.34520423645 7.91191763826
-0.112499561391 6.53045565452
0.736284508755 9.26104768283
-0.645700421105 5.09259720401
0.385251904452 8.18080499839
0.676230579296 9.06333655884
0.889228438948 9.59968284469
0.366496056579 8.12271353945
-0.00565047198315 7.01235583138
0.235694480402 7.6356482994
0.737809968957 9.40000735799
0.141219493278 7.47104177192
-0.939225880606 4.06319200846
0.861897391014 9.65134753391
0.379053502063 8.03969233917
0.353026771554 8.13778877504
-0.568649695205 5.40991047229
0.317770940465 7.87124458956
-0.212271188692 6.45952404685
0.302465954083 7.94867595494
-0.786813939384 4.72176419785
0.315690609206 8.13675112588
0.998827451541 9.97194354302
-0.903575922279 4.21389861673
0.954348368443 9.77409366237
-0.186184078554 6.35986673584
0.741506900675 9.21681053108
0.564770968117 8.72842810183
0.134032521973 7.42976664585
0.476898418503 8.51341358041
0.757031122603 9.272393557
-0.191719356698 6.57019533762
-0.345933676874 5.93573328606
0.335186771127 8.27757723004
0.615691883883 8.90964238642
0.524570269553 8.48799505302
0.595627297717 8.67979264335
-0.128833370374 6.6617471304
0.63566843235 8.88465901852
-0.759581889259 4.79265438163
0.0889781959217 7.31425835022
-0.988482679004 4.02726907172
-0.350828340199 5.86283560759
-0.267076930257 6.04728448676
-0.207654616781 6.33238465445
0.39093441338 8.25844311957
-0.222883797459 6.35275798204
-0.102612754755 6.56758785786
-0.524911738251 5.44258287783
-0.253496416741 6.27804248775
-0.545460745474 5.27523201996
-0.853608152463 4.45454805321
0.206897186763 7.62651243213
0.33642559711 7.89497976155
0.238980692019 7.75272081209
-0.0730119123989 6.83704271544
-0.240428439642 6.38701980539
0.726667299144 9.28538210263
0.0381635702724 6.97672377402
-0.0416362447405 6.78130876179
-0.948715868387 4.20535592156
-0.317504344748 6.09886556085
-0.239608762428 6.33267848135
-0.202354438206 6.77820983445
0.160344738455 7.53812326643
0.0672050934538 7.31517184438
0.215810185587 7.74283073311
0.529766523084 8.65443869438
0.625971477432 8.84638750783
0.436246152453 8.38463537941
0.91104739191 9.65585965428
-0.963534834647 4.08571363538
-0.608444028633 5.12613155932
-0.984874250044 4.05356466381
0.294949428309 8.11631414159
0.7960610979 9.20145677444
-0.513035406847 5.5295197985
0.854069089593 9.40093568166
-0.879465219421 4.31441115516
0.868872053611 9.71551122053
-0.296754625521 6.11616412535
-0.797158343102 4.5007504929
-0.0282564816273 6.84370018419
-0.486446864559 5.60861918122
-0.430254196076 5.6362007486
-0.385420070147 5.86538564852
0.606051795665 8.82271257099
0.0783225533505 7.16980762529
-0.377384601688 6.08224060387
0.220667566622 7.7253946021
0.432301348446 8.09438978667
-0.454751998533 5.65438943588
-0.172901796949 6.41511596268
-0.756227813326 4.8165598935
-0.637701300931 5.00764402336
0.36223570793 8.07523347964
-0.637123304609 5.13912881407
0.0503267673341 7.23755582142
0.418092523445 8.13424792963
-0.786246153811 4.60781141498
0.134624439258 7.35637878666
-0.486874432597 5.47404377895
0.925853750475 9.95410667545
-0.0329087065602 6.94177205142
0.61198509955 8.70986690322
0.100453084313 7.39314544764
-0.91317493429 4.47269081683
0.266302751188 7.90215477962
0.902806684413 9.55648305664
0.203223640293 7.56124751359
0.638377718854 9.04182427148
0.768412926697 9.23447183353
-0.543840456102 5.41286057451
-0.575910320184 5.34973244479
0.221961977702 7.57319288595
-0.177943060387 6.46021828323
0.679722605733 8.71504108319
0.800046246796 9.29769997625
-0.293157241395 6.09527146068
-0.526258882051 5.29644503565
0.561051030488 8.84639422186
-0.450387928904 5.50582207549
0.645228637027 8.89168146241
-0.152523492702 6.55550357962
0.335099798583 8.14942672466
-0.808929372331 4.42962566789
0.247718649353 7.85947232327
-0.0964646425255 6.71162937853
0.173216926351 7.42149991395
-0.66397158451 5.0542955939
0.473747489888 8.44114843922
0.725594155086 9.11676077754
-0.566520399818 5.30741900904
-0.80857088896 4.53575597343
-0.952722827907 4.1531832508
0.283943000887 7.91804207011
0.214188072178 7.80116589815
0.0933948254281 7.1564029264
-0.536105807768 5.60498591416
-0.218188008189 6.15022719548
0.188952670372 7.55167950161
-0.00646628228166 7.0394328738
0.97557104043 9.95481230806
-0.727120494887 4.75636856336
0.390289108095 8.15005509925
-0.191362463791 6.37661251516
-0.143600770149 6.51026121386
0.435195531316 8.39054680365
0.384872302649 8.19031845654
0.982511987404 9.87824500269
-0.743211421092 4.86032572427
-0.791780701232 4.65538784839
0.448677634257 8.42731911466
0.156773834013 7.53328438623
-0.45167866688 5.56206449827
-0.841161262022 4.42049810991
-0.828683500807 4.58867885809
0.788381749328 9.42618227453
-0.616265350563 5.14911378892
-0.353256875769 5.95196211102
-0.546687195546 5.48770490294
-0.290007388336 6.07082069611
-0.861152314508 4.47125279459
0.0381195818165 7.09413948021
-0.864774872816 4.38390726123
0.600713015645 8.91201673213
-0.532575836179 5.48481412636
0.080023829209 7.32142245123
0.760158175123 9.41102240608
0.301754738094 7.90736459845
0.0659155731027 7.26594201644
-0.351332493769 5.91497584303
-0.333996173884 6.0304281136
0.338973910396 8.00390742575
0.988278722442 9.97453576383
0.323678379699 8.03055084164
0.11556683474 7.2648784359
0.461301020478 8.593141789
-0.0695887754326 6.69063193555
-0.879715314798 4.23943519433
0.124593631756 7.48959198262
0.915250569011 9.82491797643
-0.649394115285 5.11422963585
0.380009781641 8.20286389585
-0.598132622682 5.20437745467
0.0716553689462 7.12524066969
-0.806647100707 4.5876391537
-0.0992581274836 6.6345094464
0.51232665779 8.63449194671
-0.304856951522 6.07072340728
0.329823448974 7.90692062724
0.590899921579 8.74056118057
0.854355638959 9.6043600623
-0.530715836289 5.35148003585
-0.201368168381 6.3136734553
-0.695167973339 4.93886480113
0.984967004317 9.97939767006
0.854001935849 9.51131149001
0.0799142605611 7.19263895112
0.684066588753 9.07540475999
0.0419159545441 6.98093942948
0.247171376006 7.60076775058
-0.821751135768 4.46290217057
0.510540840994 8.51027780781
-0.74457303273 4.79737165837
0.652135260505 9.10394140321
0.564056175341 8.77793448834
0.417489395486 8.23647433346
-0.92767923895 4.21506066236
-0.393743288109 5.71851719921
-0.473774860178 5.57682410587
-0.279727185057 6.13195258094
-0.824714506472 4.55812833662
0.873915646062 9.53902384383
0.107604481425 7.3747480957
-0.388951378684 5.98641975525
-0.206036965851 6.3710130876
-0.10559491899 6.72338641524
0.201188666721 7.67258039933
0.031358855393 7.05395451899
0.838783946429 9.53876108747
-0.00607303418834 6.98304013751
0.984316029647 9.96271569879
0.70284991549 9.03124876809
-0.582978971285 5.25351410357
0.861190429288 9.63337111699
-0.767267204229 4.84331274809
0.634899416982 9.00062533356
-0.238753413047 6.49905800661
0.75594864089 9.19111116638
0.736113380215 9.29557220432
0.611850800235 8.85388660128
0.580060872614 8.95916291116
-0.390641721804 5.74724500605
-0.838161433897 4.40154351409
-0.19403964247 6.35794180805
-0.652950970027 4.82875751749
0.389902177805 8.11713103125
-0.307800546924 6.00068509307
0.95122040172 9.86870058381
0.281944154691 7.88000806165
0.644961127269 9.12250046573
-0.734950654516 4.89019042027
0.724028964545 9.11439652807
0.845514381027 9.44670167595
-0.0258761623621 6.97156343006
0.212505875502 7.5054943058
0.529619601806 8.772004682
-0.650322745479 5.16697577563
0.00513215292688 6.96847889357
-0.202673944455 6.22066471372
-0.707252015676 5.01363119039
-0.264931155417 6.19375254922
-0.863655381229 4.53281548751
-0.948376186101 3.99542867582
-0.72966742169 4.75106023263
0.926230223178 9.77921503951
0.09905907179 7.30187527475
0.931644322306 9.74992641977
-0.13500424334 6.65727226322
-0.376367733829 5.76413475557
0.0122837256805 7.02261322854
-0.120976622734 6.64909969497
-0.788670631477 4.68543198898
0.28165262938 7.91611937595
-0.567923634981 5.18376488587
0.239175909796 7.56411631231
0.300402184796 8.02897423658
-0.695950293743 4.94538051997
-0.877300745779 4.29324910901
0.561523172137 8.83968471396
-0.0803991524614 6.77037000605
-0.883672408989 4.46691249144
0.98973263434 9.97594975116
-0.884438878007 4.55275815847
0.390070457717 8.3457454574
0.967357850527 9.87717713673
-0.521639791568 5.53223772039
-0.715501262626 4.91803380708
-0.757230121155 4.86517279229
-0.393449704865 5.72315853935
-0.797908377979 4.67488001206
0.384322683388 8.25881049885
-0.87541640374 4.19787684014
0.0188442562996 6.93820691763
0.993393707706 9.77625790534
0.627940539012 8.85688093359
0.230438876462 7.76307085497
-0.387492758427 5.98775742993
0.247791672583 7.75078449579
0.0540829278233 7.32511033803
-0.147833232219 6.41849015752
-0.73857924652 4.61392401651
0.773208430481 9.31407052155
-0.100430702357 6.73711443782
-0.610754976358 5.16446559612
-0.264481298245 5.99981189526
-0.171740494942 6.47586651122
0.655075791134 8.83478042335
0.467228761123 8.46865353825
0.538609787283 8.65248918646
-0.977937471143 3.97219960794
-0.16769200364 6.44553729734
-0.0373116967294 6.78214355762
-0.961615446354 4.10888575121
-0.48037358251 5.65439348452
0.520579646244 8.4631663341
-0.725780588542 4.87306288593
0.0706202629052 7.15883502688
-0.569596255966 5.21192394888
-0.975758450712 4.06202161187
-0.517597084801 5.34368451336
0.95174750982 9.79987759893
0.603074223766 8.68943488204
0.919153288642 9.95393237922
-0.0242919121473 6.93065061876
-0.780527602645 4.58844464127
0.0959189779474 7.30915492492
-0.0912453308801 6.71503120239
0.688714165479 9.04404553648
-0.803834838432 4.64991215471
-0.0235177259564 7.00519759314
-0.699902670612 4.8472418734
-0.35064814622 5.89047373728
0.474714154776 8.39663729461
-0.0479637412625 6.62591665974
-0.248223429708 6.10381060465
-0.21104744286 6.50354509816
-0.081106463188 6.92117738179
0.570033087674 8.68519565907
0.78416937788 9.41016382995
0.910669373008 9.76313313448
0.573806772511 9.02930839838
-0.369186208504 6.00439886563
0.376269412173 8.11601647737
-0.124793751889 6.53006470027
-0.490658755908 5.36737910025
0.681743158852 9.06557584014
-0.923147302075 4.15492301925
0.803523984271 9.26834658185
-0.0770450707505 6.70420749932
0.274402953617 7.71505406049
0.318707844412 8.12483769674
0.790235481413 9.45887041993
0.273339364334 7.81922082887
0.22786716952 7.83159592245
-0.866695918879 4.40764907413
0.0368160438904 7.02431971154
-0.699661998366 5.05332641263
0.474867537443 8.4784936167
0.0244438416253 6.96960690944
0.360455558417 8.06233280744
-0.916654198795 4.16247557828
-0.830415967908 4.37047212318
0.432646776125 8.39055808313
-0.855831328003 4.62344768004
-0.857486544469 4.28768360921
-0.97578304953 4.12894777508
0.913002796599 9.67394413288
0.475016718918 8.37633761838
-0.293497182996 6.06026905859
-0.406928837425 5.69281441076
-0.300593540508 6.10307154127
0.549307062362 8.56482617545
0.322741222141 7.995269349
-0.629608864265 5.10614959626
-0.651781329332 5.02076120732
-0.803208700573 4.49961753208
0.320605439403 7.90413918515
0.528745324443 8.66177509591
-0.46990714335 5.64037028871
-0.958110077938 4.02791424171
-0.835656665047 4.5029632354
0.93572006969 9.88229892141
-0.409110445045 5.60572813675
0.538446295676 8.66967490627
0.249327137709 7.68171903723
-0.236120720694 6.34869770478
-0.588625475609 5.15779765752
-0.757227163681 4.54783029889
0.230025936078 7.52732356444
0.549267561276 8.65261117849
0.287808507082 7.88939777142
0.0606042664983 7.09138113698
-0.916097553137 4.31556658647
0.936977555189 9.64478065934
0.597428383309 8.78567717006
-0.414355926598 5.63583060023
0.959940658718 9.81463836537
0.203763179273 7.61602940495
0.164845316414 7.40849461272
0.496146358859 8.44998352215
0.62353957618 8.97124800946
0.312957214663 7.88118245704
-0.743808507268 4.8521436894
-0.323464988011 5.9166343505
0.856167280652 9.62148225975
-0.550768776312 5.49185053313
-0.255665952325 5.98583769301
-0.135846234112 6.51277177212
-0.121190020611 6.69413715088
0.225879164989 7.65733295636
0.886151675489 9.69556961381
-0.518614576335 5.38375775232
-0.756997247398 4.73766723655
-0.60505902028 5.16925521562
0.773849800419 9.43832760742
0.29162162531 7.90030696026
-0.428186421522 5.74920100164
0.631893877937 8.8544939372
0.722739992727 9.11945935577
0.693028677381 9.03583021336
0.837853067279 9.55300441608
-0.495517959653 5.47134767296
0.510083857493 8.55922905817
-0.0789210054517 6.97077706351
0.68399710578 9.13910378768
0.456981354323 8.33834170975
0.552894892999 8.77880607121
0.312323675362 7.89616348878
-0.645142461061 4.8607601633
0.0900538377939 7.16935288229
0.969339479049 9.72093924504
0.874776132994 9.58917705058
-0.913652528406 4.2608842527
-0.670370368541 5.1565326256
-0.736542453091 4.8230653781
0.451959819971 8.33396940703
0.635570659714 8.98965253726
-0.572977267379 5.05995466696
0.0117053859037 7.05867761352
0.681406056022 9.12130468746
0.465603089533 8.24895064402
0.0844744109837 7.36779863727
0.180695380918 7.5759357835
0.0167210938326 7.00863449011
-0.404903097362 5.84856889452
0.130043985718 7.61720124293
0.3777706041 8.15149843781
0.746645831722 9.26475955379
0.272582707958 7.77181203392
0.522243074086 8.48174478531
-0.679856730091 5.04346339138
-0.0768850511604 6.68373646393
-0.981336760346 4.06314634268
-0.506642270957 5.43230744245
0.452923430226 8.40666827325
0.983619902699 9.98422591862
-0.801643800826 4.69882259195
-0.197011368277 6.35796425528
0.600141937398 8.77343831867
-0.591928730742 5.1263374362
0.110169898605 7.28608036981
0.466142592059 8.43615782548
0.23197090052 7.77161156323
-0.623950530769 5.03593187527
-0.289230862629 6.21926800413
0.567583568971 8.83831449279
0.108453028264 7.36670257511
-0.989540772914 4.21905726251
0.521981520056 8.48856564026
-0.92937729012 4.08740265931
0.491467565462 8.2965306715
-0.59503887967 5.36448779214
0.916146960239 9.81387744635
-0.264118497396 6.20208604072
-0.346136767324 5.98958656066
-0.702223899335 4.78077939726
-0.38879156902 6.0782004909
0.753301523656 9.27282668917
0.992668675254 9.98894550522
-0.263380938986 6.28243384543
-0.102778738091 6.7397647089
0.444141876405 8.35481403164
0.77239156093 9.23812723725
0.186088668374 7.60541284083
-0.216948603644 6.53735663871
-0.174756318303 6.61027304971
0.391236292994 8.33302754164
-0.993563472791 3.96818801398
0.23917867492 7.61857554273
-0.289013979117 6.12037937064
0.588394662554 8.77075647889
-0.814018720354 4.66736299079
0.176404533897 7.35996713872
-0.0380542202278 7.03879237126
0.28465105181 7.83815236557
-0.870292811034 4.3464334599
0.159967574856 7.37869228704
0.122969175919 7.20342186057
0.121320188832 7.44627762489
0.206975333193 7.6282577963
0.352935874453 7.92981153338
0.609977999362 8.70042612088
-0.460358559744 5.58534585084
0.65009882036 9.11719861361
-0.00348863547309 6.96357495844
-0.845883441731 4.31203537949
-0.882898141512 4.32673126906
-0.331523362608 5.9781575552
0.569793954223 8.43969319837
0.415361869482 8.24065612179
0.577229929345 8.70859633501
0.0345381128832 7.17323497513
-0.119602004089 6.82608959723
-0.705094946587 4.99737166319
-0.343614492781 5.9422676526
-0.131961267652 6.49346360617
-0.822799140641 4.7889385584
-0.558776094578 5.32959355967
0.196450588127 7.59074469357
0.471326228478 8.41156617672
0.996695022786 10.0098935444
0.866226662687 9.58424394687
0.28513039907 7.79802499652
-0.157503893412 6.47280242564
0.272354729416 7.81378886123
0.57130323616 8.65956723137
-0.763327618153 4.63873256727
-0.180190220607 6.47007236095
0.679604571271 9.01331599207
-0.232334096134 6.45339701046
0.143744542454 7.16613664652
0.175538721724 7.63576685037
-0.631047493733 5.23146603805
-0.275529116695 5.96607362667
-0.330977422516 5.97279897304
-0.947606582936 4.12003616459
-0.951616472217 4.00439941388
0.663394087352 8.9124005933
-0.453858380054 5.52736727529
0.0361575324776 7.28369964178
-0.402548852822 5.88592128085
0.881358490231 9.77123098019
-0.481406482268 5.6279477596
-0.140686374522 6.46503569931
0.745460500969 9.18392947628
0.683867133584 9.10053885687
-0.627797164307 4.99439572619
0.605286619591 8.88715970179
-0.0836262265242 6.72508878061
-0.0340622558293 6.86033115176
-0.733040055168 4.87197583132
-0.838796972486 4.52803541369
0.455878613948 8.33153922526
-0.0070776952894 7.09469989447
-0.12629859477 6.51299788293
0.459016457305 8.43864293261
0.531025797982 8.65238751974
-0.682183664661 4.92249436208
0.220450298955 7.69396419909
-0.729291835445 4.68701313603
0.502750172058 8.60065321809
0.313910312534 7.92324072396
0.913229242167 9.68741542445
-0.862083967287 4.51864902072
-0.885890557697 4.27189395785
-0.435625850614 5.55227631852
-0.476588632528 5.41457118506
-0.506042401856 5.54247378957
0.812509161042 9.30948454788
-0.500907600301 5.6727566173
-0.456100547743 5.42350541598
0.518796524836 8.72603521134
-0.100520315099 6.71954080142
0.55342111391 8.65059203054
-0.869267684871 4.33770503671
-0.0248576126532 6.96534077348
-0.932772799633 4.19791813086
-0.874693593089 4.48624940893
0.812874906689 9.45004748493
-0.721509257765 4.85050240285
0.0648413645504 7.15816287243
-0.177808794799 6.46087905323
-0.305313347482 6.11484013444
0.799666691375 9.22798323486
-0.956353206449 3.99612183844
0.327579372351 8.05706452646
0.926788868427 9.79745314909
0.120336366924 7.34261076714
0.873644924066 9.62277816551
-0.895484241428 4.34830544625
-0.162413361852 6.45878394641
-0.479684418076 5.48311627323
0.461641929961 8.40451031539
0.962594180994 9.78994526522
-0.486939875112 5.58000565024
0.308349202948 7.75478924842
-0.603804734481 5.29150136029
0.130660509143 7.43924127567
-0.0721350266233 6.80919789356
0.944010659263 9.93030107618
0.217054545393 7.81771108063
-0.300987255826 6.19847523902
-0.771808430224 4.50048728619
-0.69750634253 4.77952327574
-0.549366140098 5.28941972194
-0.498066677319 5.50840907306
0.701232115682 9.15546224909
0.122445576565 7.29476234838
0.0467818227487 7.15902214469
-0.770462256262 4.61307493798
0.720279386699 9.0996863798
0.445628606417 8.19621970957
-0.8646632762 4.31368684679
0.41567019446 8.11184212282
0.0870764346853 7.16364197876
-0.836549308506 4.59571625414
-0.0833987169427 6.65486396029
-0.0306074257399 7.17141592926
-0.668450919673 5.04397903107
0.891396294001 9.69267249437
0.699950742961 9.01401645087
0.338044674658 8.08416501192
-0.0754088779988 6.71620958338
-0.176468916831 6.48279423097
0.301946934302 8.16184925673
0.0908637388138 7.26298522647
-0.875453788236 4.48856596792
0.0250052975407 7.00469825011
0.612807234466 8.83492285435
-0.0815202448061 6.93251932915
-0.896086844891 4.24904275955
0.572556398768 8.8989140521
-0.597272435728 5.27895788636
-0.482758330224 5.49547833174
-0.670587293135 5.0514788945
-0.339569870257 6.07854583419
0.513503011377 8.60269003035
0.0387717190079 6.95929268503
-0.590237451699 5.15657392732
0.755660156304 9.24222860536
0.759163709903 9.2700477868
0.741156850092 9.28553776003
-0.522407577237 5.45054736838
-0.097521311638 6.57390162921
0.969979312282 9.94795772195
0.54402495262 8.69313343239
-0.945665157549 4.21898357215
-0.869590817479 4.49930562012
-0.0721372463753 6.86698047633
0.818440411723 9.50123924309
0.0774035959054 7.22519421657
-0.00437498393142 6.82077895485
-0.789052600087 4.67580402165
0.313560209449 7.96144939706
0.6442063212 8.95977684732
-0.239159984985 6.15484518746
0.551223701851 8.54556545151
0.928953307802 9.89217520874
-0.592467081745 5.21864323938
0.0466592623895 7.20812785691
-0.425724083831 5.72565958612
0.585708838068 8.76010212815
0.155186731762 7.55938857588
0.269164835101 7.75589003248
0.595828319232 8.79709703539
-0.208059054675 6.3295953071
0.830180136814 9.4470907877
0.0660577344923 7.16725599113
-0.684090354329 4.96994231418
0.391798236338 8.12751984685
0.586522700877 8.88514371519
-0.366476645865 5.81110933218
0.714358513998 9.12438837758
0.812286509532 9.39288642277
-0.446191025244 5.8061247127
0.96704294543 9.92078431394
-0.718576943902 4.94745362224
-0.595968663195 5.06353797311
-0.631550321524 5.13205406202
0.787979420016 9.45290133961
0.30858510465 7.93398371288
-0.695791433555 5.01917373684
-0.119353163263 6.5902116652
0.23059605014 7.83272289444
-0.833071830021 4.7306743223
0.764832736815 9.2582143544
0.607207070883 8.77707096051
0.0104135471533 7.17657908917
0.934253230518 9.96071690613
-0.16447804145 6.45427987294
0.968220638073 9.86264323251
0.335839997607 7.97934153194
0.269342546508 7.67358258842
-0.668090209408 4.90386417713
0.763855516609 9.19115247315
-0.145020624159 6.48815837101
-0.675533188435 4.96993194596
-0.974784960048 4.09906659311
0.119511367277 7.51358415111
0.0547992442454 7.06456232866
0.438707244738 8.41455397406
0.780516106036 9.32014943368
-0.841186830714 4.47149313689
0.462992980681 8.45646089126
-0.625176111805 5.01219946243
0.716354106314 9.18730329356
0.638127027723 8.93102630399
0.0815875099711 7.29400765631
0.420485597247 8.29037365613
-0.371299773633 6.13163069309
-0.0576642021344 6.76323339517
0.643273795421 8.87672169076
-0.0814696056536 6.6932771304
-0.284403469349 6.09124188004
-0.0115751054994 6.90153597077
0.656498504874 9.08839716773
-0.329583905258 6.15329870902
-0.652476813729 4.98549492944
0.424028040662 8.18884856467
0.651956425416 9.00301083189
-0.798725042953 4.54860256671
-0.520251774488 5.50253785831
-0.716056020478 4.87212424065
-0.304117176836 5.93607405799
-0.0992980421892 6.85685639357
0.497652673927 8.67254578909
0.302295169763 7.84560664024
0.241857134957 7.68680124888
-0.295250106781 6.14283621873
0.68289510617 9.08213099751
-0.0574256652037 6.89357743166
0.95820987603 10.075650082
0.268284276591 7.78715810703
-0.747470516871 4.67775872493
0.352355124151 7.91913344965
-0.349791969137 5.8775310886
0.372654393372 8.11465048283
-0.860717703675 4.59730267533
-0.650237125648 4.99752749315
0.711474517812 9.1568023486
-0.545640885953 5.36143505253
0.674082250486 9.1410860788
-0.441447823091 5.92834977331
0.285763820117 7.80420458306
0.38830114702 8.11595949681
0.0253095062901 7.18034460658
-0.389378646607 5.90005320914
-0.574711247258 5.4605369908
-0.933621290875 4.25752894591
-0.392107197519 5.78774919837
0.306325581063 7.97804222626
0.876609636897 9.74069926875
0.742408964526 9.3092751117
0.532129553071 8.64711606232
0.576894686507 8.83735152848
0.329969806952 8.1068389799
-0.479426284868 5.6999370445
0.814390061412 9.50804117299
0.341464623812 8.0076820634
0.120881261961 7.37731515453
-0.778021061573 4.78658771193
-0.105888912387 6.60063969574
-0.0792834575961 6.7990169581
0.729127219045 9.1480477759
0.0932964403756 7.28276380342
-0.239198902059 6.41024848008
0.953600657021 9.87991187787
-0.778558813347 4.66896721477
-0.154903143376 6.39930495577
-0.915950649657 4.32677340763
0.479808241534 8.50397314272
0.836153104398 9.72478478553
-0.439925340899 5.64944615381
0.716683353598 9.17196509356
-0.415563539076 5.77824775114
0.821540323288 9.62236629784
0.507923807194 8.51424186834
0.609813553683 8.85734281363
-0.963986888799 4.16882898457
0.925620714148 9.79552305476
0.453341984141 8.31538259097
-0.390497809228 5.84791557161
0.658789329718 9.08373116414
-0.43695760317 5.58647566055
0.745507679132 9.24982000481
-0.774839219176 4.60547026098
0.407371954922 8.34162052766
0.0813969532898 7.09187216939
-0.806931059609 4.52331463645
-0.516212343482 5.48908415706
-0.975191927445 4.23097662059
-0.062464069071 6.80603276668
-0.39746947848 5.75207161189
0.196714968596 7.77826061273
-0.405524384583 5.63862545621
-0.400161776986 5.57963407338
0.486386397463 8.50316063739
-0.903714328043 4.23865159343
0.805789990384 9.31524668944
0.704527748782 9.18441889108
0.335609366453 8.03120817074
0.186443140215 7.50292155757
0.784604996279 9.22578454897
-0.629339640943 5.19922681
-0.842061675618 4.53883509094
-0.520979660181 5.42714343308
0.5891565574 8.95213337181
-0.930659466547 4.10101312373
0.165613670167 7.34428849341
0.990875032383 9.90343429016
0.711392187675 9.12961796139
0.0428913780872 7.15300807919
-0.872718181427 4.35772184993
0.662747028771 9.02344662597
0.197957016354 7.46871710664
-0.770134005881 4.83397444276
-0.812285430353 4.5549285911
0.819253638873 9.56949049978
0.338400525876 8.04947411227
0.658573598634 9.02139611782
0.757957800565 9.33085012972
0.143544704097 7.47540496829
0.0348927035101 7.16895038652
-0.139145179358 6.71547971494
-0.366106824418 5.92133164372
-0.130808078283 6.67847614091
0.54775931146 8.63430436495
0.20384686203 7.75555230764
0.78504657991 9.28750050952
-0.113239971242 6.84037412957
0.214179157438 7.63852167725
0.262615106184 7.64476780834
0.183394324613 7.56299341533
0.405267546171 8.14769747277
-0.52513306325 5.50866516515
0.0247275550916 7.00892026734
-0.791550394383 4.58073047353
-0.23097734471 6.11811389277
-0.0246658627575 6.8807717798
0.304448519091 7.67095762461
0.901062105172 9.54479603317
0.201302133097 7.6799478649
0.487187832353 8.54014351292
0.0125321189904 7.08014211315
0.268208062753 7.70792657395
-0.858135567732 4.42082216119
-0.491216838316 5.52598923114
-0.27629381359 6.05528209031
-0.055013289987 6.98529996022
-0.908702508995 4.36162870207
-0.719951804893 4.81804816794
-0.446371384417 5.66357443065
0.943065381802 9.8500344262
-0.337305985794 5.78390855578
-0.0359178837758 6.86752861042
-0.607804574523 5.10838785163
0.221560142152 7.56451842547
-0.438633568968 5.65598926381
-0.586014843123 5.42172412332
0.033145256892 7.1635200568
-0.988988401679 3.97591689598
-0.984671934702 4.10324247403
