-0.665034835482 -0.790864319331 4.95348719743
0.272860499087 0.412951452974 5.67126968079
-0.936827710349 0.872424492487 17.4326503694
-0.896057432697 0.0825926706021 13.5176654834
0.418121038902 0.741938247492 7.30345738304
0.428173864265 0.60345616614 6.83526275777
-0.321099614914 0.629650227493 8.53993027481
-0.839770307231 0.789633312121 15.4856700659
0.0951847523075 0.634595539925 6.55719303998
-0.0953634309634 0.287155390393 5.71216249834
0.0528053218722 0.463179043511 5.96525164173
-0.836740035939 -0.879295832019 6.94165088946
-0.50579353198 -0.680910639774 3.69580487365
0.743567133184 -0.561572025284 3.06921198686
0.951730511638 -0.326208416458 6.65368218609
-0.635764168623 0.579397014285 11.702145302
0.317415551002 -0.00360856709372 3.83571854591
0.110727101875 0.438403556545 5.76572272742
-0.543090517337 0.992667832113 11.9667997678
0.949586324294 0.300651372694 9.77782014097
-0.600915098142 0.360456484863 10.3638904827
-0.855603182042 -0.938694995588 6.8486407144
-0.484634222978 -0.0747540865214 6.95350670352
0.736545010817 0.454338139533 8.19562094385
0.4854130424 -0.149013331104 3.66149581829
-0.308130014906 -0.257922474031 4.32780652064
0.975299127472 -0.919781617175 3.2388634128
0.734062992245 0.157350817145 6.870593642
-0.122769161621 0.45051532083 6.53849817107
-0.0266621171506 0.746846476163 7.26212602124
0.801403728023 -0.156558146253 5.92647111382
-0.44634440553 0.184700657187 7.82220879654
0.824726691233 -0.578675621989 3.73896926273
0.245933167127 0.263120440185 4.99243531505
0.466226044831 -0.736864629745 0.112963033238
0.431649929364 0.818065041331 7.61671829888
-0.64063378226 -0.524913350152 6.30509371463
0.942790188083 -0.638046094581 4.685122854
0.708770186739 -0.0154442871039 5.81507089914
-0.505537851194 0.741499802545 10.718838761
-0.109389489995 0.0296347078594 4.57119227754
-0.2815332612 0.18590170287 6.37363667212
-0.67295225483 -0.217836926696 8.50513710262
0.938824644671 -0.483733134598 5.58199635502
0.313473329083 -0.349619871551 1.97537082479
0.546946251373 -0.738252678563 0.516082450788
0.939642090157 -0.0924209172327 7.77384557818
-0.527899073307 -0.85300650534 2.82046404786
-0.660484189825 0.039547897112 9.66754293894
-0.325993647137 0.657766731765 8.68433239061
-0.138224952676 -0.502571454825 1.80208861704
0.234289973208 0.413554433771 5.63300931191
-0.665916184198 -0.664761567423 5.77958768897
-0.926657146133 0.472804030131 15.78999567
0.327609055244 -0.0507382485004 3.61952876653
0.688340897938 0.6113403059 8.40844740026
0.170708728794 0.736542561027 6.86122343524
-0.588317579926 -0.776160761205 4.05066400533
-0.460500776966 -0.885826287821 1.86417040429
0.0623390560021 0.87321138459 7.44763089599
-0.921312918663 -0.75578017198 9.20437418049
-0.0956019434331 0.867750035056 7.94568373494
-0.367687790046 0.0144696173768 6.25675657479
-0.916854281899 -0.703313598076 9.46431903198
0.973260245918 0.930237392872 12.4439486698
-0.990120038131 0.903623570846 18.5146439301
0.278239875631 0.73583658904 6.92234725967
-0.0905202887323 0.0311920571585 4.49209958894
-0.0223068394862 0.333728515092 5.62816913284
-0.720697490487 -0.940052820255 4.73336804768
-0.384140116818 0.409361525473 8.21216015407
-0.596293095754 0.34686486665 10.2474120331
0.939824092215 -0.812198568421 3.52602296116
0.34520423645 -0.112499561391 3.34256105129
0.736284508755 -0.645700421105 2.48263435705
0.385251904452 0.676230579296 6.95546162582
0.889228438948 0.366496056579 9.35629333964
-0.00565047198315 0.235694480402 5.14012735254
0.737809968957 0.141219493278 6.82763301658
-0.939225880606 0.861897391014 17.4414595227
0.379053502063 0.353026771554 5.65279790956
-0.568649695205 0.317770940465 9.78072522419
-0.212271188692 0.302465954083 6.4181301435
-0.786813939384 0.315690609206 12.7918437051
0.998827451541 -0.903575922279 3.65043881028
0.954348368443 -0.186184078554 7.45761645759
0.741506900675 0.564770968117 8.67902776212
0.134032521973 0.476898418503 5.8986801606
0.757031122603 -0.191719356698 5.31832250168
-0.345933676874 0.335186771127 7.55874558508
0.615691883883 0.524570269553 7.53321369545
0.595627297717 -0.128833370374 4.39052823994
0.63566843235 -0.759581889259 0.950715457257
0.0889781959217 -0.988482679004 -2.12310903468
-0.350828340199 -0.267076930257 4.63041447693
-0.207654616781 0.39093441338 6.76976972064
-0.222883797459 -0.102612754755 4.54247573852
-0.524911738251 -0.253496416741 6.44725136138
-0.545460745474 -0.853608152463 3.01991399498
0.206897186763 0.33642559711 5.29070580999
0.238980692019 -0.0730119123989 3.36956179186
-0.240428439642 0.726667299144 8.28902312771
0.0381635702724 -0.0416362447405 3.68724615337
-0.948715868387 -0.317504344748 12.3583112639
-0.239608762428 -0.202354438206 4.12540564985
0.160344738455 0.0672050934538 4.05615820852
0.215810185587 0.529766523084 6.0933417793
0.625971477432 0.436246152453 7.24772794891
0.91104739191 -0.963534834647 2.1608430759
-0.608444028633 -0.984874250044 2.89261663511
0.294949428309 0.7960610979 7.15770525506
-0.513035406847 0.854069089593 11.1856602881
-0.879465219421 0.868872053611 16.4154898581
-0.296754625521 -0.797158343102 0.973517199222
-0.0282564816273 -0.486446864559 1.42229200008
-0.430254196076 -0.385420070147 4.69606299295
0.606051795665 0.0783225533505 5.50571318963
-0.377384601688 0.220667566622 7.32615056394
0.432301348446 -0.454751998533 1.71761222877
-0.172901796949 -0.756227813326 0.404846069676
-0.637701300931 0.36223570793 10.846371328
-0.637123304609 0.0503267673341 9.40787980919
0.418092523445 -0.786246153811 -0.405280488485
0.134624439258 -0.486874432597 1.06969772329
0.925853750475 -0.0329087065602 7.91445357096
0.61198509955 0.100453084313 5.65242539734
-0.91317493429 0.266302751188 14.6712290885
0.902806684413 0.203223640293 8.78687757562
0.638377718854 0.768412926697 8.59668194644
-0.543840456102 -0.575910320184 4.78639660404
0.221961977702 -0.177943060387 2.80687198858
0.679722605733 0.800046246796 9.01717198573
-0.293157241395 -0.526258882051 2.65875824845
0.561051030488 -0.450387928904 2.38028404801
0.645228637027 -0.152523492702 4.6089931619
0.335099798583 -0.808929372331 -0.805977986739
0.247718649353 -0.0964646425255 3.25613164595
0.173216926351 -0.66397158451 -0.0403341380455
0.473747489888 0.725594155086 7.47573490128
-0.566520399818 -0.80857088896 3.57048277947
-0.952722827907 0.283943000887 15.4587061549
0.214188072178 0.0933948254281 4.1826995593
-0.536105807768 -0.218188008189 6.76904687242
0.188952670372 -0.00646628228166 3.68639365779
0.97557104043 -0.727120494887 4.5228910296
0.390289108095 -0.191362463791 3.05430546739
-0.143600770149 0.435195531316 6.58235426605
0.384872302649 0.982511987404 7.97762673845
-0.743211421092 -0.791780701232 6.0627198098
0.448677634257 0.156773834013 5.02375118812
-0.45167866688 -0.841161262022 2.07378636672
-0.828683500807 0.788381749328 15.3001442225
-0.616265350563 -0.353256875769 6.995985111
-0.546687195546 -0.290007388336 6.49685547786
-0.861152314508 0.0381195818165 12.7052682203
-0.864774872816 0.600713015645 15.2197182147
-0.532575836179 0.080023829209 8.2605390116
0.760158175123 0.301754738094 7.75996685279
0.0659155731027 -0.351332493769 1.95691519289
-0.333996173884 0.338973910396 7.47438231505
0.988278722442 0.323678379699 10.3623467035
0.11556683474 0.461301020478 5.85385151301
-0.0695887754326 -0.879715314798 -0.924968501456
0.124593631756 0.915250569011 7.4889769303
-0.649394115285 0.380009781641 11.0775255556
-0.598132622682 0.0716553689462 9.00964129541
-0.806647100707 -0.0992581274836 11.1192348495
0.51232665779 -0.304856951522 2.94562634239
0.329823448974 0.590899921579 6.4861346036
0.854355638959 -0.530715836289 4.34108306536
-0.201368168381 -0.695167973339 0.96939924119
0.984967004317 0.854001935849 12.3470693566
0.0799142605611 0.684066588753 6.76373337656
0.0419159545441 0.247171376006 5.06307090524
-0.821751135768 0.510540840994 14.159505095
-0.74457303273 0.652135260505 13.5042270113
0.564056175341 0.417489395486 6.76625600758
-0.92767923895 -0.393743288109 11.5439976624
-0.473774860178 -0.279727185057 5.74014230229
-0.824714506472 0.873915646062 15.5212253308
0.107604481425 -0.388951378684 1.67377628271
-0.206036965851 -0.10559491899 4.41859586606
0.201188666721 0.031358855393 3.87605993593
0.838783946429 -0.00607303418834 7.08171417832
0.984316029647 0.70284991549 11.8183278546
-0.582978971285 0.861190429288 12.0321559525
-0.767267204229 0.634899416982 13.7827931294
-0.238753413047 0.75594864089 8.38057063386
0.736113380215 0.611850800235 8.81145572703
0.580060872614 -0.390641721804 2.84577274583
-0.838161433897 -0.19403964247 11.1267514207
-0.652950970027 0.389902177805 11.1670998449
-0.307800546924 0.95122040172 9.53261281022
0.281944154691 0.644961127269 6.5989383675
-0.734950654516 0.724028964545 13.6219985614
0.845514381027 -0.0258761623621 7.05256301752
0.212505875502 0.529619601806 6.09135343689
-0.650322745479 0.00513215292688 9.35996004838
-0.202673944455 -0.707252015676 0.9001701634
-0.264931155417 -0.863655381229 0.292124079464
-0.948376186101 -0.72966742169 9.85971602648
0.926230223178 0.09905907179 8.57001140034
0.931644322306 -0.13500424334 7.45550881695
-0.376367733829 0.0122837256805 6.32359230852
-0.120976622734 -0.788670631477 -0.0853419081482
0.28165262938 -0.567923634981 0.62751231088
0.239175909796 0.300402184796 5.15188264858
-0.695950293743 -0.877300745779 4.80646504468
0.561523172137 -0.0803991524614 4.42943688034
-0.883672408989 0.98973263434 16.8671251225
-0.884438878007 0.390070457717 14.7093709921
0.967357850527 -0.521639791568 5.70386910624
-0.715501262626 -0.757230121155 5.88249218027
-0.393449704865 -0.797908377979 1.79257080712
0.384322683388 -0.87541640374 -1.11477254907
0.0188442562996 0.993393707706 7.92644555909
0.627940539012 0.230438876462 6.36974525377
-0.387492758427 0.247791672583 7.54124102786
0.0540829278233 -0.147833232219 3.10013009554
-0.73857924652 0.773208430481 13.8479230421
-0.100430702357 -0.610754976358 0.955186191941
-0.264481298245 -0.171740494942 4.4648494794
0.655075791134 0.467228761123 7.58560805403
0.538609787283 -0.977937471143 -1.14107439137
-0.16769200364 -0.0373116967294 4.54009022924
-0.961615446354 -0.48037358251 11.6498537811
0.520579646244 -0.725780588542 0.450626000523
0.0706202629052 -0.569596255966 0.655615808909
-0.975758450712 -0.517597084801 11.688219619
0.95174750982 0.603074223766 11.0430166496
0.919153288642 -0.0242919121473 7.87923262051
-0.780527602645 0.0959189779474 11.6857639553
-0.0912453308801 0.688714165479 7.30958530156
-0.803834838432 -0.0235177259564 11.4625663819
-0.699902670612 -0.35064814622 8.14242314493
0.474714154776 -0.0479637412625 4.13656653884
-0.248223429708 -0.21104744286 4.13781102014
-0.081106463188 0.570033087674 6.82117317386
0.78416937788 0.910669373008 10.2908929301
0.573806772511 -0.369186208504 2.93038388083
0.376269412173 -0.124793751889 3.36427888782
-0.490658755908 0.681743158852 10.3418864453
-0.923147302075 0.803523984271 16.9590185649
-0.0770450707505 0.274402953617 5.5753405428
0.318707844412 0.790235481413 7.18317927846
0.273339364334 0.22786716952 4.86510957241
-0.866695918879 0.0368160438904 12.7921070814
-0.699661998366 0.474867537443 12.1640397999
0.0244438416253 0.360455558417 5.60379806876
-0.916654198795 -0.830415967908 8.63033143844
0.432646776125 -0.855831328003 -0.812078367247
-0.857486544469 -0.97578304953 6.62365721758
0.913002796599 0.475016718918 10.0790271743
-0.293497182996 -0.406928837425 3.36938105455
-0.300593540508 0.549307062362 8.06942949734
0.322741222141 -0.629608864265 0.320619862043
-0.651781329332 -0.803208700573 4.69270747858
0.320605439403 0.528745324443 6.22464146809
-0.46990714335 -0.958110077938 1.46769790588
-0.835656665047 0.93572006969 15.8965747895
-0.409110445045 0.538446295676 8.96860925015
0.249327137709 -0.236120720694 2.51297416145
-0.588625475609 -0.757227163681 4.17818723529
0.230025936078 0.549267561276 6.17786059442
0.287808507082 0.0606042664983 4.09859282812
-0.916097553137 0.936977555189 17.2691313113
0.597428383309 -0.414355926598 2.81960976864
0.959940658718 0.203763179273 9.46936303306
0.164845316414 0.496146358859 5.95742646239
0.62353957618 0.312957214663 6.70663795107
-0.743808507268 -0.323464988011 8.93547974715
0.856167280652 -0.550768776312 4.2384873312
-0.255665952325 -0.135846234112 4.59223312052
-0.121190020611 0.225879164989 5.55944065837
0.886151675489 -0.518614576335 4.76162934885
-0.756997247398 -0.60505902028 7.46395888332
0.773849800419 0.29162162531 7.84226366181
-0.428186421522 0.631893877937 9.51148767388
0.722739992727 0.693028677381 8.99545943775
0.837853067279 -0.495517959653 4.37929505035
0.510083857493 -0.0789210054517 4.15039920856
0.68399710578 0.456981354323 7.7668998218
0.552894892999 0.312323675362 6.25092972126
-0.645142461061 0.0900538377939 9.70725723896
0.969339479049 0.874776132994 12.2175811501
-0.913652528406 -0.670370368541 9.6177968528
-0.736542453091 0.451959819971 12.6051170619
0.635570659714 -0.572977267379 2.13169924295
0.0117053859037 0.681406056022 6.90869603769
0.465603089533 0.0844744109837 4.75271675607
0.180695380918 0.0167210938326 3.80244629691
-0.404903097362 0.130043985718 7.15958992848
0.3777706041 0.746645831722 7.18412238286
0.272582707958 0.522243074086 6.11514007955
-0.679856730091 -0.0768850511604 9.34687501098
-0.981336760346 -0.506642270957 11.8582872332
0.452923430226 0.983619902699 8.23293817901
-0.801643800826 -0.197011368277 10.5221233491
0.600141937398 -0.591928730742 1.77091367201
0.110169898605 0.466142592059 5.88001360082
0.23197090052 -0.623950530769 0.225504369252
-0.289230862629 0.567583568971 8.05269526015
0.108453028264 -0.989540772914 -2.15815741591
0.521981520056 -0.92937729012 -0.896855499915
0.491467565462 -0.59503887967 1.12865458016
0.916146960239 -0.264118497396 6.57581007368
-0.346136767324 -0.702223899335 1.99265769405
-0.38879156902 0.753301523656 9.57469021292
0.992668675254 -0.263380938986 7.51884855094
-0.102778738091 0.444141876405 6.41629134195
0.77239156093 0.186088668374 7.35134945375
-0.216948603644 -0.174756318303 4.12305802162
0.391236292994 -0.993563472791 -1.90416792176
0.23917867492 -0.289013979117 2.21151650782
0.588394662554 -0.814018720354 0.27176216486
0.176404533897 -0.0380542202278 3.52801565013
0.28465105181 -0.870292811034 -1.31461701716
0.159967574856 0.122969175919 4.32453873684
0.121320188832 0.206975333193 4.74582601666
0.352935874453 0.609977999362 6.61551906555
-0.460358559744 0.65009882036 9.90438133303
-0.00348863547309 -0.845883441731 -0.934372734613
-0.882898141512 -0.331523362608 11.1172428978
0.569793954223 0.415361869482 6.79222320427
0.577229929345 0.0345381128832 5.10536302579
-0.119602004089 -0.705094946587 0.450609510684
-0.343614492781 -0.131961267652 5.29819072112
-0.822799140641 -0.558776094578 8.77827363188
0.196450588127 0.471326228478 5.85387363296
0.996695022786 0.866226662687 12.5379073615
0.28513039907 -0.157503893412 2.98267661508
0.272354729416 0.57130323616 6.30648139399
-0.763327618153 -0.180190220607 10.0179156569
0.679604571271 -0.232334096134 4.44043565963
0.143744542454 0.175538721724 4.58094608632
-0.631047493733 -0.275529116695 7.62534811834
-0.330977422516 -0.947606582936 0.233309550569
-0.951616472217 0.663394087352 16.9763194198
-0.453858380054 0.0361575324776 7.18895486856
-0.402548852822 0.881358490231 10.1340108526
-0.481406482268 -0.140686374522 6.57501252758
0.745460500969 0.683867133584 9.16097077666
-0.627797164307 0.605286619591 11.6964869351
-0.0836262265242 -0.0340622558293 4.13535392926
-0.733040055168 -0.838796972486 5.60033672187
0.455878613948 -0.0070776952894 4.25952807318
-0.12629859477 0.459016457305 6.59089264308
0.531025797982 -0.682183664661 0.786536915397
0.220450298955 -0.729291835445 -0.450889980859
0.502750172058 0.313910312534 5.98482324622
0.913229242167 -0.862083967287 2.8786048604
-0.885890557697 -0.435625850614 10.56818918
-0.476588632528 -0.506042401856 4.46056877307
0.812509161042 -0.500907600301 4.08839518555
-0.456100547743 0.518796524836 9.35735611044
-0.100520315099 0.55342111391 6.84322625551
-0.869267684871 -0.0248576126532 12.5279075541
-0.932772799633 -0.874693593089 8.62028231755
0.812874906689 -0.721509257765 2.71937829346
0.0648413645504 -0.177808794799 2.9184511853
-0.305313347482 0.799666691375 9.02053660323
-0.956353206449 0.327579372351 15.7165398798
0.926788868427 0.120336366924 8.67833524126
0.873644924066 -0.895484241428 2.20579562079
-0.162413361852 -0.479684418076 2.06974565509
0.461641929961 0.962594180994 8.20636372979
-0.486939875112 0.308349202948 8.80436994491
-0.603804734481 0.130660509143 9.36428583956
-0.0721350266233 0.944010659263 8.08692994791
0.217054545393 -0.300987255826 2.13020816193
-0.771808430224 -0.69750634253 7.10688450387
-0.549366140098 -0.498066677319 5.32411986572
0.701232115682 0.122445576565 6.42735045707
0.0467818227487 -0.770462256262 -0.56876052636
0.720279386699 0.445628606417 8.01913917636
-0.8646632762 0.41567019446 14.48069974
0.0870764346853 -0.836549308506 -1.08313214833
-0.0833987169427 -0.0306074257399 4.15186497552
-0.668450919673 0.891396294001 13.2423599322
0.699950742961 0.338044674658 7.39554528292
-0.0754088779988 -0.176468916831 3.35823276228
0.301946934302 0.0908637388138 4.26959728121
-0.875453788236 0.0250052975407 12.8821172702
0.612807234466 -0.0815202448061 4.75159317517
-0.896086844891 0.572556398768 15.6469947674
-0.597272435728 -0.482758330224 5.99884495051
-0.670587293135 -0.339569870257 7.79610337305
0.513503011377 0.0387717190079 4.76132905626
-0.590237451699 0.755660156304 11.7650328599
0.759163709903 0.741156850092 9.48961595178
-0.522407577237 -0.097521311638 7.25338318133
0.969979312282 0.54402495262 11.0411026072
-0.945665157549 -0.869590817479 8.88711391702
-0.0721372463753 0.818440411723 7.68039934872
0.0774035959054 -0.00437498393142 3.79382568541
-0.789052600087 0.313560209449 12.8174708882
0.6442063212 -0.239159984985 4.13439788725
0.551223701851 0.928953307802 8.55892174124
-0.592467081745 0.0466592623895 8.81665841402
-0.425724083831 0.585708838068 9.31258956327
0.155186731762 0.269164835101 5.00047764548
0.595828319232 -0.208059054675 3.96902228669
0.830180136814 0.0660577344923 7.34897711422
-0.684090354329 0.391798236338 11.6015932898
0.586522700877 -0.366476645865 3.02581456523
0.714358513998 0.812286509532 9.34101232426
-0.446191025244 0.96704294543 10.8313071926
-0.718576943902 -0.595968663195 6.95153146269
-0.631550321524 0.787979420016 12.4044829672
0.30858510465 -0.695791433555 -0.127040066242
-0.119353163263 0.23059605014 5.5718266228
-0.833071830021 0.764832736815 15.2904794506
0.607207070883 0.0104135471533 5.1799414966
0.934253230518 -0.16447804145 7.33042986495
0.968220638073 0.335839997607 10.1613592017
0.269342546508 -0.668090209408 -0.0144599555984
0.763855516609 -0.145020624159 5.63010134998
-0.675533188435 -0.974784960048 3.85322975614
0.119511367277 0.0547992442454 4.02672289749
0.438707244738 0.780516106036 7.51696577687
-0.841186830714 0.462992980681 14.2849251687
-0.625176111805 0.716354106314 12.0708970275
0.638127027723 0.0815875099711 5.74454877299
0.420485597247 -0.371299773633 2.15864591813
-0.0576642021344 0.643273795421 7.00216168929
-0.0814696056536 -0.284403469349 2.79460451
-0.0115751054994 0.656498504874 6.88729941851
-0.329583905258 -0.652476813729 2.16964605952
0.424028040662 0.651956425416 7.00104905859
-0.798725042953 -0.520251774488 8.62794790148
-0.716056020478 -0.304117176836 8.63698471571
-0.0992980421892 0.497652673927 6.6173801218
0.302295169763 0.241857134957 4.97496424906
-0.295250106781 0.68289510617 8.53126112959
-0.0574256652037 0.95820987603 8.07154186543
0.268284276591 -0.747470516871 -0.525105963191
0.352355124151 -0.349791969137 2.06485342831
0.372654393372 -0.860717703675 -1.05141628872
-0.650237125648 0.711474517812 12.3843545331
-0.545640885953 0.674082250486 10.9347388413
-0.441447823091 0.285763820117 8.23051105307
0.38830114702 0.0253095062901 4.1672257655
-0.389378646607 -0.574711247258 3.17721252927
-0.933621290875 -0.392107197519 11.6597695489
0.306325581063 0.876609636897 7.4463098787
0.742408964526 0.532129553071 8.55962757539
0.576894686507 0.329969806952 6.4727447363
-0.479426284868 0.814390061412 10.6857944905
0.341464623812 0.120881261961 4.49818487339
-0.778021061573 -0.105888912387 10.635940339
-0.0792834575961 0.729127219045 7.40214689965
0.0932964403756 -0.239198902059 2.53653386013
0.953600657021 -0.778558813347 3.91508384093
-0.154903143376 -0.915950649657 -0.762049540143
0.479808241534 0.836153104398 7.88391637255
-0.439925340899 0.716683353598 9.93783220588
-0.415563539076 0.821540323288 10.061008171
0.507923807194 0.609813553683 7.21731652789
-0.963986888799 0.925620714148 18.0974563049
0.453341984141 -0.390497809228 2.1791480991
0.658789329718 -0.43695760317 3.11993909563
0.745507679132 -0.774839219176 1.73515864831
0.407371954922 0.0813969532898 4.50585871493
-0.806931059609 -0.516212343482 8.78235815755
-0.975191927445 -0.062464069071 14.2173480399
-0.39746947848 0.196714968596 7.40114239013
-0.405524384583 -0.400161776986 4.37123503299
0.486386397463 -0.903714328043 -0.901856598219
0.805789990384 0.704527748782 9.80328949278
0.335609366453 0.186443140215 4.79169573199
0.784604996279 -0.629339640943 3.02825842428
-0.842061675618 -0.520979660181 9.32240984399
0.5891565574 -0.930659466547 -0.510050454587
0.165613670167 0.990875032383 7.69512392358
0.711392187675 0.0428913780872 6.12707141458
-0.872718181427 0.662747028771 15.5857522575
0.197957016354 -0.770134005881 -0.72415162289
-0.812285430353 0.819253638873 15.1404089235
0.338400525876 0.658573598634 6.76006655803
0.757957800565 0.143544704097 7.01924525621
0.0348927035101 -0.139145179358 3.18997461781
-0.366106824418 -0.130808078283 5.49944298358
0.54775931146 0.20384686203 5.73472493894
0.78504657991 -0.113239971242 5.996222174
0.214179157438 0.262615106184 4.96855305646
0.183394324613 0.405267546171 5.58098079944
-0.52513306325 0.0247275550916 7.90454338618
-0.791550394383 -0.23097734471 10.1788301406
-0.0246658627575 0.304448519091 5.50841852124
0.901062105172 0.201302133097 8.7581051402
0.487187832353 0.0125321189904 4.49975591583
0.268208062753 -0.858135567732 -1.25621416012
-0.491216838316 -0.27629381359 5.94619503354
-0.055013289987 -0.908702508995 -1.18000122827
-0.719951804893 -0.446371384417 7.87539589072
0.943065381802 -0.337305985794 6.4854771124
-0.0359178837758 -0.607804574523 0.7096251329
0.221560142152 -0.438633568968 1.3424634936
-0.586014843123 0.033145256892 8.66997937666
-0.988988401679 -0.984671934702 8.89881118179
-0.561862381796 -0.926557274998 2.71980707517
-0.783948491739 -0.322278701322 9.55319030887
0.60517135916 0.144097286739 5.81406731975
0.0253354519128 -0.413022353584 1.69342949277
0.863507438866 -0.205969917526 6.30236526466
-0.825814466408 0.234133032236 13.0490465471
-0.772323213047 -0.309553714397 9.44524272835
0.0148238774356 0.74844504937 7.13934160136
-0.0129068393198 0.404517532063 5.89900643654
0.985633677998 -0.737021760204 4.5865790676
-0.450536948961 -0.210847848805 5.87678312655
-0.156343642922 -0.177957849469 3.74311936269
0.815222005113 0.428065288934 8.8281158787
0.215810428181 -0.381254564274 1.6735339786
0.647580768443 0.91012102297 9.13442934632
0.6423965651 -0.996869789617 -0.603901246015
0.272802740367 -0.897729237116 -1.51760150864
-0.484785559333 -0.880950599304 2.15366603136
0.207590905899 0.373179826985 5.44861510766
-0.771024723868 -0.23232223391 9.85332238021
-0.0875269820889 -0.261893956478 2.94581050018
-0.75794999903 -0.162104419625 10.0329556643
0.502356095617 -0.857984670933 -0.514236162648
-0.839639971836 -0.290457416328 10.6222295816
0.883451423238 0.337145293446 9.16559658639
0.357339913345 -0.276160018324 2.49245032198
0.187321582417 -0.979737631945 -2.13982373251
0.272192092819 0.826573895152 7.2257770763
0.22514693669 0.747397186933 6.90847171437
0.447946110932 -0.758883167193 -0.108912083814
0.804906614572 -0.867112311288 1.6808321049
0.0679349450955 -0.715725752413 -0.257775695898
-0.976586778538 -0.155931479745 13.7555621986
-0.409918584692 -0.0279990124048 6.43324271596
0.154399773469 -0.912521855382 -1.66779041349
-0.753993409753 0.117284792901 11.3826969667
-0.313665293655 0.458346975099 7.80973613842
0.304583297184 0.69120872598 6.80669211486
0.384985653338 -0.14013784522 3.31042682443
0.345933244789 -0.449237651489 1.47155601947
-0.387373002444 0.577970319842 8.9183836601
-0.107160967197 0.596760681037 7.04103077947
0.644844747337 0.715124675323 8.45628381869
0.833270471682 -0.138029558973 6.34570606276
-0.362266363358 0.164397493188 6.93165536441
-0.257655153125 0.2021483336 6.27393260205
0.411171725288 0.376810036984 5.86104670649
-0.25089422596 -0.666279596602 1.48093949498
-0.138941323076 -0.714811711836 0.486247156732
0.780194070368 -0.308245078524 4.89279966734
-0.691080505553 -0.949104480188 4.24765792265
0.291644772573 0.273804634909 5.09957326568
-0.318791666837 -0.856576222305 0.752796079131
-0.18074221021 -0.377565009873 2.77318821699
0.35424127947 0.211558498905 4.9542067303
-0.270812543605 -0.56421489149 2.25974019978
0.976071932311 -0.0919967576078 8.22506834798
0.37654847156 -0.718894064843 -0.106614403888
-0.0288206006812 -0.944926560261 -1.52441218736
0.0109102358209 0.928034814235 7.74714701325
-0.231586574028 -0.92200797485 -0.336320127691
-0.938088418161 -0.224026480106 12.6840240325
-0.679950127074 -0.953295807344 4.06325585066
0.5124272279 -0.0829539822362 4.1417203531
-0.421510456055 0.800166366033 10.0464655015
-0.767722079599 0.911837657911 14.746084146
-0.372066565245 0.776807344617 9.50427499996
0.205885752959 0.653414719483 6.56157708907
0.968026326421 -0.423189124363 6.2974861131
0.922270970815 -0.221036210195 6.88381897923
-0.228976190526 -0.319225791491 3.40833527479
0.0828152146952 -0.691709913643 -0.130590938653
0.107422970716 0.08340962482 4.18013960354
0.52380362521 0.667299923875 7.51476145761
-0.119117299375 -0.395333501297 2.33790726248
-0.481330205366 -0.61075232659 3.87064071149
-0.884704835602 -0.315104042331 11.2409249068
-0.459504615738 0.932834771733 10.8616629296
0.1154176525 -0.305445921939 2.13979009764
0.160935201987 -0.721606597309 -0.404353559875
-0.111912501596 0.252468642842 5.63453556749
-0.0222043364151 -0.196442398691 3.04975566023
0.987696777799 0.760629524298 12.0658594139
0.246811916319 0.138754722365 4.42141396618
0.241320959649 -0.597375784355 0.398186816071
-0.209724513471 -0.921080934218 -0.472746245651
-0.0489079250263 0.0860491679153 4.5887010364
-0.544500527794 0.928057694331 11.7843455692
0.818909221874 0.444286470912 8.93221273007
0.0667732575307 0.739938319295 6.98753245089
-0.738695312353 0.58101958855 13.1489662335
-0.750358372066 0.588421325099 13.3512435781
-0.448464863497 0.754181162036 10.1564770458
0.888084187651 -0.70240806119 3.63987824152
-0.0746487898692 0.961974756325 8.15300425406
-0.0331851280537 0.727095045029 7.21517342659
0.177463044263 -0.249340184161 2.4106844756
-0.428432888948 -0.593553817828 3.43366136571
0.523596382755 -0.226918986354 3.43634906987
0.0225509244015 -0.0153490399976 3.85943478731
0.154558058466 0.731154291249 6.84861623073
0.961478687167 -0.184831582852 7.55277343723
0.655037844213 0.529055589309 7.83286121614
0.147057902911 0.912094287224 7.46038995307
-0.599050968943 -0.781471579381 4.14999368768
0.707923933911 -0.121700366733 5.26216575497
0.693937708414 0.786180410391 9.0834056343
-0.875084812762 0.766929525972 15.9979086065
-0.103361889261 0.0208649780085 4.49944465173
0.253185022186 0.85276521346 7.28988373513
-0.96176781114 -0.0463130633644 14.0515717971
0.375444084861 0.445413915396 6.03000985323
0.385064863074 -0.731129741184 -0.15919440339
-0.401208823257 -0.282568949166 4.99868467178
0.608874415359 -0.442480255171 2.73101113128
-0.578590072266 0.914896038076 12.1513474205
-0.982273429773 0.995641711364 18.6526151554
0.353642597715 0.656938598898 6.79270157397
-0.410761207308 -0.971369444666 0.781675955993
0.475739037123 0.668289194001 7.27823946336
0.480952263907 -0.714299425398 0.325943053421
0.506855844514 0.537845564215 6.93460521353
0.31708103134 0.532231865591 6.23096851867
0.691842879355 0.227208228475 6.83806148294
-0.822790572061 -0.0247443806656 11.7599121323
-0.844701330657 -0.184913937935 11.283503842
-0.185787021749 -0.86798031172 -0.259795775282
-0.302358932061 -0.778003802417 1.1431352579
0.616470420018 0.895376051929 8.86605695528
-0.855367049484 0.910230414583 16.1419561285
0.0451531986735 -0.400868644092 1.71581200451
-0.846275849448 0.00124853614084 12.2745311771
0.589031088981 0.414172954533 6.90789325975
-0.899547977072 -0.854196329264 8.1715034204
-0.194253434735 -0.409419011904 2.66991649262
-0.535231353888 -0.437991002183 5.51568375024
0.606965486594 0.858456107264 8.68169400377
-0.189794610945 0.812222004265 8.2589652247
-0.357008597504 -0.0471260273124 5.85281590304
-0.547942004368 0.280952084352 9.37157588237
0.95796223035 0.206986192087 9.45973406388
-0.284371831773 0.295634891981 6.89082867551
-0.754158643069 0.777318160531 14.0948852805
0.00616790155967 -0.101300515921 3.46503626527
0.171729576907 0.249567725579 4.9062942282
-0.856448387547 0.365234442447 14.1301519012
-0.516136639369 0.427905265013 9.63600957134
0.645069588768 0.607917015105 8.0637314068
0.105001934816 0.0403397846215 3.97326907096
-0.714248077321 0.550692300806 12.6741462535
-0.457181239107 -0.00660915436411 7.01057174771
-0.431451814145 -0.732343274001 2.58551774489
0.259115393783 -0.891335930354 -1.4913792755
0.497290468252 -0.364826409478 2.52928071732
-0.999730613991 0.0222582784745 15.1056782078
-0.906296182945 -0.447660884358 10.8511660294
0.413952974911 -0.874620756756 -1.00906765316
0.678676984712 -0.992360154683 -0.29779080753
-0.506352261596 0.481808112304 9.74709919182
-0.367459700541 -0.796215223868 1.56755735174
-0.279532162399 -0.459213427231 2.95675821782
0.685423804321 -0.37330416483 3.69629809565
0.577864943552 0.783744289621 8.24229464983
-0.132365160847 0.819886287709 7.96447768276
-0.245363892074 0.92815683298 8.99702825078
-0.821420950949 0.374038533006 13.592409723
-0.0123719190861 -0.224702389089 2.86433716321
0.265423757497 0.407714183269 5.63966695696
-0.991273460699 -0.666093822506 11.0606548803
0.426092101269 0.332770827156 5.72727723868
0.932095010257 0.522075580502 10.4919388252
0.901545415463 0.40508100307 9.65895123905
-0.403895582721 -0.789270155498 1.94744172624
0.56364772669 0.288298442952 6.2090231209
-0.903627975213 -0.279899068198 11.765393237
0.913599630969 0.000802291420402 7.94052620617
-0.134541727961 -0.0846007896814 4.11827575436
-0.58223455199 -0.26258565827 7.07680072493
-0.260373488026 -0.895289959625 0.0454813802794
0.535135257036 -0.166991136192 3.82271045495
0.644359773633 0.70069600224 8.40102194575
-0.576011890603 0.31470696434 9.85684760503
-0.055436391674 0.760313475843 7.41438552086
-0.568518641647 0.35562640062 9.94292535843
0.215504244505 -0.409397044856 1.51043273706
-0.726798192698 0.303279520955 11.8306986183
0.477194916265 -0.368745312473 2.41043548824
0.289665208045 -0.209738184777 2.70957080784
0.426413766565 -0.601569450212 0.805655248347
0.780430005272 -0.425180807069 4.22459517517
-0.264428024488 -0.883816095839 0.152450144078
-0.776975575357 0.0317238054247 11.318067711
-0.464814646544 0.670960451484 10.0274795147
-0.97061322269 -0.241811902656 13.181027383
-0.325308906462 -0.961344738165 0.0916263999514
-0.751263201999 -0.172714650163 9.87555719422
-0.0142708311051 -0.19142050549 3.05069740891
0.0618753568242 0.190263349811 4.76011901456
-0.980152357744 -0.071809681093 14.2618411926
0.926998481775 0.0380645602591 8.28248792693
0.355084534918 -0.376272284166 1.92048435809
0.547982756306 0.545842963752 7.18960281843
0.0425920953083 0.952027646558 7.74051799972
-0.748899570475 -0.966104670221 4.96962165975
0.540316423514 0.61431107473 7.40876270672
-0.759585541759 -0.468834334083 8.33054088404
-0.964895273267 -0.413382778439 12.1050697131
0.546283747837 0.0359210554252 4.9268711766
-0.303808813663 -0.256521410187 4.30141451825
-0.997292748569 -0.40039894487 12.7863068171
0.292917483276 0.948388887633 7.65015572222
0.694121653968 -0.952810070709 0.100176617763
0.79712120935 0.566396826597 9.20303291892
0.560752247142 -0.0840084819929 4.40618808496
-0.203989414091 -0.394168542334 2.81865013933
-0.868610282091 -0.543529273013 9.62863098783
-0.506792730044 -0.0318458605796 7.4148456982
0.494888813193 -0.0523803432041 4.21000764344
-0.884311101106 0.915579601976 16.648594294
0.885448638188 0.570379086297 10.1423715418
0.982655803128 0.0889646656005 9.21384062627
0.925536700506 -0.848789918766 3.11194145032
-0.268638503477 -0.549237463986 2.33539956306
-0.608333831731 -0.718394102215 4.67750130466
0.244827283132 0.562643711495 6.24169195052
0.156596798841 -0.706074580824 -0.302524155068
0.622247539867 0.271909414327 6.5164057294
-0.223668587746 0.348260591072 6.69124437646
-0.480190041514 -0.309615583012 5.641290208
0.834971686264 -0.418990988657 4.80199828425
-0.0600234636841 0.780282274792 7.5014638662
0.415442700535 -0.875593547671 -1.01021880126
-0.705393911442 -0.984316818456 4.20636260535
0.261843580458 -0.104653149179 3.22874771611
-0.731450298195 0.915868242114 14.2150337781
0.0593194478912 -0.516213411774 1.00264868614
0.00120714230942 0.35924066547 5.66353970224
-0.847521564053 -0.450592369904 9.8329117711
0.613930981768 -0.0806702591947 4.763638071
0.0931542840646 -0.134367995581 3.10006417678
-0.912200114714 -0.66850044036 9.60407769786
-0.108916722516 -0.581629069184 1.17521526706
-0.900041942681 0.687299328104 16.1448460908
0.962385058328 0.586285747993 11.1100225906
0.707569843409 -0.516045739366 3.03599923424
0.921253951026 -0.606148591093 4.62774981522
0.902859620724 0.989638587932 11.7814735006
0.423445611492 0.962287463584 8.04955280801
0.139079559134 -0.480916433648 1.10164352836
-0.126008228669 0.187121870758 5.40564403482
-0.853836875946 0.244686529234 13.5573710622
0.962355673525 -0.619784700433 5.03890394129
0.585190232577 0.815797587559 8.39747240262
0.88740318564 0.920271208811 11.3921227004
0.0429192774429 0.954615815983 7.74776640647
0.514620414269 -0.676657127526 0.733661617589
-0.0461997870641 0.436662350744 6.14831246895
-0.505319368362 0.281230367098 8.88580073353
0.333200958093 -0.674600512383 0.0604917402927
0.130170624906 0.543253821957 6.1661876527
-0.00220867092812 -0.975793766448 -1.82447726827
-0.981923061841 -0.28594131206 13.1476833863
0.852388136864 -0.542646440793 4.24766251267
0.268727377743 -0.555848258613 0.68332451549
-0.356660020681 0.696084179203 9.08351873634
0.45772288454 -0.809201445374 -0.39790094743
-0.142595958027 -0.941660472709 -1.00457007736
-0.038219706794 0.324868023402 5.64514597266
-0.762994752804 -0.422230122182 8.65684331387
-0.204326748996 0.839062049312 8.43826073379
0.986510030846 -0.910177402009 3.44677632197
0.522015846991 -0.256551867195 3.26537861857
-0.215083627541 0.508529946694 7.2993856441
0.836852864291 0.901857189005 10.7879626946
0.154245172077 -0.285757681399 2.21715120917
0.575098171718 -0.497997233475 2.18262132982
0.128148057667 -0.28284307695 2.25271563354
0.313262147416 -0.519202174213 0.979697173009
-0.61681410853 0.836478173351 12.3768146137
-0.796392634101 0.0119158154699 11.5225448142
-0.558294434074 -0.922140073349 2.70738202155
-0.927962363417 -0.649556455788 10.0030944054
0.733540709012 -0.435042512046 3.73955909967
0.900918341151 0.163244585978 8.58004997096
-0.126771620462 0.160177669339 5.28411467236
0.0333967704525 0.517552507515 6.22863438239
-0.435007868054 -0.293899216799 5.26300553268
0.788188605067 0.892913026301 10.272635861
0.785116454973 -0.161104012085 5.7444388549
0.560731006014 -0.0473285333978 4.59427841374
-0.0049202957078 -0.590639781885 0.712900300229
0.182260606517 -0.627728204493 0.18628588877
-0.336870601866 0.71006040324 8.96458246476
-0.585848381578 -0.857683429653 3.47925374055
-0.861984814774 0.881569041006 16.1607782425
0.0138408759237 -0.181175856366 3.02130595824
0.621757162016 0.671651855821 8.13452732577
-0.335617933769 0.387236114948 7.69419774706
0.542245631704 0.309301373732 6.17634523457
-0.6968098504 0.751766167034 13.1684597574
0.078189105472 -0.43505514726 1.44979225584
-0.149543629125 -0.924857819202 -0.852113818282
-0.744266397555 0.531093501032 13.0376661552
-0.999976730489 -0.166868343035 14.1373711245
0.0450203621712 -0.890731159998 -1.36590422182
0.946156325945 -0.547749337501 5.28444934293
-0.391602560727 -0.39211497549 4.28729917528
-0.539166675765 -0.997052355827 1.96373048194
0.458689588176 0.933690999599 8.10377645714
-0.55141303343 0.326094383607 9.6108241388
0.483792653917 0.696850758181 7.41971750585
-0.154741605973 -0.394138188719 2.52974867947
-0.349409731954 0.425242666197 7.97030848797
0.633558933011 -0.636772064487 1.72115958921
-0.258117983684 0.803880393498 8.6805313795
0.613387039389 0.969716805525 9.07802150727
0.508496519364 -0.213609597944 3.4293830735
0.181275667989 0.322028508495 5.22550012066
-0.843088367366 0.0889939182077 12.6526987372
0.418641656945 -0.665357391998 0.376674305527
0.561263434851 0.167545561028 5.64599913197
0.904443571395 -0.915155403586 2.41752824587
-0.469347724889 0.2031077586 8.14462750093
-0.406880175588 0.428848328142 8.50538309722
0.518010565044 -0.794968071867 -0.0141667257784
0.0277089284135 0.0177811111821 4.01160488047
-0.261438459569 0.865849725139 8.91066880301
0.655012639746 0.394418763819 7.28382220443
0.42865327147 -0.0765677123738 3.79528802628
0.841989042193 0.389190854507 8.94008200211
0.457962123312 0.723381807575 7.39757587951
-0.451856821316 0.614141807733 9.68250603836
-0.609518794087 -0.30931609551 7.15840474053
-0.32877909146 0.957050936778 9.72041099054
0.713074447496 0.402339723181 7.77839936194
0.454113523231 0.124145588805 4.89272798296
0.894181334217 -0.00748249423528 7.67646960615
-0.23896458026 -0.673929326137 1.34989893842
0.572411304522 0.468887864151 7.0285871904
-0.231289922952 -0.949613172082 -0.528001040471
0.677994655436 -0.977164033092 -0.197239656937
0.407399559258 0.940514219452 7.92360062956
-0.124677343704 -0.530053190008 1.5671652171
0.409742020087 0.634256284031 6.88288251026
0.0928606321557 0.934070550512 7.58826783879
-0.896662556684 0.00959119660906 13.1698815865
0.436907894645 0.725280942298 7.31675664952
-0.641488776184 0.600006963527 11.8565555897
0.105414151437 -0.20689263602 2.69538694933
-0.736569942842 0.730591517818 13.6691856973
-0.685453583641 -0.380424281582 7.7682896316
-0.419908936075 0.742828068382 9.83266172772
0.345405988418 0.593362794383 6.53295897558
-0.499064202415 0.249748199214 8.67608006536
0.143491966287 0.665660753577 6.61944318528
0.812174120963 -0.975686457045 1.01009571151
0.348039838118 -0.896328401761 -1.36011229562
0.0977173301547 -0.424734541913 1.47916528178
-0.386446800956 -0.294082993095 4.79716967031
0.242584898099 -0.331900068662 1.9733667691
0.465398101181 -0.190945228852 3.34538261244
-0.86329359938 0.567519684968 15.06760734
-0.428483350815 -0.134466240801 6.06382153392
0.370887766444 -0.335087685703 2.20007639743
-0.886828687707 -0.252157905974 11.6278338944
0.888897165389 0.283468794597 8.9914032844
0.342958297334 0.264564307275 5.16491552137
-0.602015722081 -0.163332271795 7.86209181332
0.501879596727 -0.797254204894 -0.112459044985
-0.444294447821 -0.447361783068 4.47512231408
-0.135962144811 0.960737481884 8.43644297333
-0.864994906632 0.0374019887612 12.7663252629
-0.641270635976 0.941353090819 13.0342559489
-0.773392990545 -0.192797995277 10.1041116709
0.475769969669 0.409108856055 6.26172082748
-0.154542726212 -0.306951664095 3.02571816787
-0.204775242894 -0.471447473683 2.37028884065
-0.589334122586 -0.0339206048822 8.37576640027
-0.462932487865 -0.425076670205 4.79717584358
0.313512126949 0.9370746634 7.65304684132
0.207274401119 -0.84604106587 -1.22411259897
-0.848832772292 0.902846441691 16.0097354306
-0.405418419385 -0.815866027835 1.78620050182
0.198089174301 0.247297556581 4.89497874631
0.297009640237 -0.465195944285 1.27230190244
-0.969778631571 0.930030738909 18.218297168
-0.498213908618 0.352052576105 9.11670037996
0.413259739757 0.220014834159 5.17815732431
-0.374185211573 -0.457807492472 3.74404705267
0.195336565405 0.732191267223 6.84409357838
0.893467457847 -0.788188391192 3.14368751634
-0.690342774805 0.889472517566 13.5398147265
0.47307045667 0.76598764966 7.61435505465
-0.594734731729 0.175171742219 9.45905297601
0.402279188835 0.360223770894 5.75914848901
-0.183696618267 -0.969210216617 -0.964374091782
0.165852113609 -0.493796921641 1.00967903986
-0.0994915077142 0.915162030168 8.11595161338
-0.201929364715 0.679603213329 7.8681473799
-0.622918788501 0.34492099605 10.5786133888
0.954013908878 -0.796213798254 3.80407317623
-0.983360115546 -0.132834414735 14.004240226
-0.814749033897 0.496768699352 13.9918393637
0.829097327697 -0.131958054582 6.33472384618
-0.482576715689 -0.131193361987 6.63759393111
0.4468956357 -0.981891676839 -1.61653088268
0.178907978969 0.226583369775 4.80091740802
0.275376493792 -0.515955840038 0.934538596228
0.428105446756 -0.817217027336 -0.572050958381
-0.601459327066 0.754940093309 11.9031704802
0.477446301453 -0.972508891977 -1.41701714305
-0.50324747926 -0.571187034014 4.35361684294
-0.458387343926 -0.50488045944 4.27680711283
-0.874947408514 -0.0821189668064 12.3317676081
0.465466949572 0.213463449435 5.35862560337
0.345743337196 -0.837701642928 -0.971174627065
0.902981420354 0.676983667686 10.7406707551
0.610180636991 0.645967610084 7.96058526424
0.865421016266 0.0885079322274 7.83007124143
-0.599435964265 0.233567215705 9.7861781291
0.485762987336 0.475834786708 6.58319166621
0.0428980483338 -0.863082561333 -1.17429651894
-0.25777412314 0.841533216927 8.80439028735
0.168897819515 0.0766638865114 4.09896041001
-0.462292971236 -0.263102160167 5.71186369622
0.790692178306 0.332926095054 8.18326712226
0.574774053505 -0.0913091538647 4.45371640924
0.260494438912 -0.503232782514 0.991968358933
0.410921660567 -0.144797332593 3.37313497679
-0.114908970371 0.298644649154 5.85439410219
0.872561242938 -0.871987306783 2.3529228555
0.649486474694 -0.415233779176 3.17761403516
-0.112161090987 -0.95617334245 -1.25801001745
-0.397907844331 0.00526248526026 6.48665348619
-0.887647845305 -0.0178085412337 12.8769332638
0.854221257717 -0.789213563784 2.70596201575
0.528881456151 -0.180657893248 3.7151536482
0.310347429049 -0.47952680403 1.21190195066
-0.681015474917 -0.679074771458 5.89678663885
-0.859016108714 -0.628706590198 8.94151279883
0.328438769978 0.763381223687 7.11181512082
0.628251371182 0.370268619749 6.98708841757
-0.779136273178 -0.421625107408 8.90794220875
-0.380386249355 -0.500086107205 3.54819168701
0.0300113194194 0.0711076297593 4.26765332987
-0.286228049658 -0.292421682527 3.96647726721
0.657111195812 0.578585696639 8.0411944767
-0.384408336639 0.827576887747 9.78838409773
0.905630034005 -0.34651491594 5.99178879925
-0.291150102414 0.0112683068439 5.60781192381
0.882241625067 0.752638866285 10.7768064732
-0.794864074833 -0.214538513457 10.3203440631
0.1067423795 0.00626494510308 3.80220982213
-0.612273864126 0.717633542336 11.9090256805
0.353881565994 0.675816749704 6.86256807336
0.717528558699 0.496711707331 8.20302820075
-0.121578797501 0.221093510031 5.53957283449
-0.679269187761 0.34729083495 11.3449038495
-0.641493488521 0.38789918102 11.0056217626
-0.540803678492 -0.7648973997 3.55260495428
-0.669431019714 -0.996015729562 3.62127019904
0.437479235707 0.464802098117 6.32663644645
0.0298666998265 -0.677274397889 0.0724634591063
-0.832891324979 -0.961742067125 6.31467950943
-0.66850364607 0.781711069966 12.8781710896
-0.516926316597 -0.291457345566 6.146247372
-0.789309031037 -0.555277390504 8.26727713201
0.0384491415604 0.215505366191 4.92756353531
-0.509295371668 -0.88453568155 2.39785854014
-0.217934261745 -0.531593258147 2.09320784193
-0.56089215354 0.919725605427 11.9522093617
0.232600971851 0.113756886344 4.29086658383
-0.168449792953 -0.14211133314 4.00159974412
0.0818100076762 0.392859614072 5.61807238981
0.404292192364 -0.656612184589 0.380540353462
0.000225504153254 -0.176083809932 3.08789933658
0.741053932539 0.262837842437 7.4152311306
0.065008132832 -0.769210715642 -0.598954643091
0.211275778647 -0.76559218864 -0.690820041301
-0.325586848868 -0.714316070371 1.74298711561
0.384147294049 -0.587495772328 0.745481121912
-0.216281253624 0.791349555238 8.35357806384
-0.591367233202 0.0156101279176 8.64963029914
-0.161456677668 -0.963751917909 -1.0546612457
0.585516227146 -0.861908187371 -0.0663413237409
-0.0514899580461 0.121356589878 4.76773512786
0.256852913229 0.377263258616 5.50121733936
-0.493455232955 -0.980042446683 1.56765480359
0.44688732471 0.0713131986952 4.60848469493
0.672235406414 0.642776725801 8.39921902363
0.686652335576 -0.0298106800409 5.56203235604
-0.332743208326 0.583116405183 8.4595312504
-0.0974117739415 -0.633115607193 0.801734343407
0.709948039123 0.765119753545 9.14255615913
-0.0673804877197 -0.84860054538 -0.72466310836
-0.224347820166 0.607075318925 7.74253516758
0.803548057092 -0.593054515005 3.43788543639
-0.866052775949 0.754700906266 15.8024686871
-0.221190122042 0.0835219285351 5.46560465697
0.936131624102 -0.866870544172 3.11652720763
