-0.665034835482 -0.790864319331 5.00315861273
0.272860499087 0.412951452974 5.65744325067
-0.936827710349 0.872424492487 17.4974192232
-0.896057432697 0.0825926706021 13.669968469
0.418121038902 0.741938247492 7.28004204557
0.428173864265 0.60345616614 6.81184906207
-0.321099614914 0.629650227493 8.69785155636
-0.839770307231 0.789633312121 15.5624135389
0.0951847523075 0.634595539925 6.51024560139
-0.0953634309634 0.287155390393 5.7664185027
0.0528053218722 0.463179043511 5.91890987245
-0.836740035939 -0.879295832019 6.8950779141
-0.50579353198 -0.680910639774 3.72000110081
0.743567133184 -0.561572025284 2.8778839624
0.951730511638 -0.326208416458 6.48119040284
-0.635764168623 0.579397014285 11.645916549
0.317415551002 -0.00360856709372 3.73443543388
0.110727101875 0.438403556545 5.79714746068
-0.543090517337 0.992667832113 11.8759973603
0.949586324294 0.300651372694 9.63658977084
-0.600915098142 0.360456484863 10.5104553595
-0.855603182042 -0.938694995588 6.82606308435
-0.484634222978 -0.0747540865214 6.96025952399
0.736545010817 0.454338139533 8.05314612523
0.4854130424 -0.149013331104 3.60705754584
-0.308130014906 -0.257922474031 4.33889877961
0.975299127472 -0.919781617175 3.12376405506
0.734062992245 0.157350817145 6.90816344384
-0.122769161621 0.45051532083 6.47843430208
-0.0266621171506 0.746846476163 7.23295664626
0.801403728023 -0.156558146253 5.86630045259
-0.44634440553 0.184700657187 8.00743661499
0.824726691233 -0.578675621989 3.73761954026
0.245933167127 0.263120440185 4.88666422215
0.466226044831 -0.736864629745 0.195217524448
0.431649929364 0.818065041331 7.49463393388
-0.64063378226 -0.524913350152 6.32598007413
0.942790188083 -0.638046094581 4.48915584162
0.708770186739 -0.0154442871039 5.68225229425
-0.505537851194 0.741499802545 10.7385248846
-0.109389489995 0.0296347078594 4.64503893554
-0.2815332612 0.18590170287 6.39077350024
-0.67295225483 -0.217836926696 8.49357227438
0.938824644671 -0.483733134598 5.55188598546
0.313473329083 -0.349619871551 1.82751862575
0.546946251373 -0.738252678563 0.444098029948
0.939642090157 -0.0924209172327 7.72778170109
-0.527899073307 -0.85300650534 2.92617627048
-0.660484189825 0.039547897112 9.7019047679
-0.325993647137 0.657766731765 8.50802837508
-0.138224952676 -0.502571454825 1.83449701398
0.234289973208 0.413554433771 5.59450108386
-0.665916184198 -0.664761567423 5.71189548894
-0.926657146133 0.472804030131 15.8511632989
0.327609055244 -0.0507382485004 3.72262871878
0.688340897938 0.6113403059 8.50157541218
0.170708728794 0.736542561027 6.77730168292
-0.588317579926 -0.776160761205 4.01974276774
-0.460500776966 -0.885826287821 1.89729674743
0.0623390560021 0.87321138459 7.5451854087
-0.921312918663 -0.75578017198 9.15645675671
-0.0956019434331 0.867750035056 7.92711783728
-0.367687790046 0.0144696173768 6.14612307739
-0.916854281899 -0.703313598076 9.34469836957
0.973260245918 0.930237392872 12.525201252
-0.990120038131 0.903623570846 18.650267933
0.278239875631 0.73583658904 6.91514624751
-0.0905202887323 0.0311920571585 4.59245287873
-0.0223068394862 0.333728515092 5.66433273534
-0.720697490487 -0.940052820255 4.66885607222
-0.384140116818 0.409361525473 8.24829971462
-0.596293095754 0.34686486665 10.4012156898
0.939824092215 -0.812198568421 3.52244035725
0.34520423645 -0.112499561391 3.49902541687
0.736284508755 -0.645700421105 2.22065984665
0.385251904452 0.676230579296 7.03765187626
0.889228438948 0.366496056579 9.36499804646
-0.00565047198315 0.235694480402 5.11022661749
0.737809968957 0.141219493278 6.83680909423
-0.939225880606 0.861897391014 17.2427026312
0.379053502063 0.353026771554 5.63083072078
-0.568649695205 0.317770940465 9.81643648134
-0.212271188692 0.302465954083 6.56591954797
-0.786813939384 0.315690609206 12.7400166833
0.998827451541 -0.903575922279 3.56958944999
0.954348368443 -0.186184078554 7.40744075323
0.741506900675 0.564770968117 8.77056797389
0.134032521973 0.476898418503 5.93155527156
0.757031122603 -0.191719356698 5.26534648131
-0.345933676874 0.335186771127 7.61007232839
0.615691883883 0.524570269553 7.54292145038
0.595627297717 -0.128833370374 4.487392739
0.63566843235 -0.759581889259 0.880510147869
0.0889781959217 -0.988482679004 -2.15587524934
-0.350828340199 -0.267076930257 4.59120366162
-0.207654616781 0.39093441338 6.62341822583
-0.222883797459 -0.102612754755 4.57208776623
-0.524911738251 -0.253496416741 6.4733568886
-0.545460745474 -0.853608152463 3.02042534064
0.206897186763 0.33642559711 5.26724709666
0.238980692019 -0.0730119123989 3.22802471765
-0.240428439642 0.726667299144 8.24695859543
0.0381635702724 -0.0416362447405 3.65297470172
-0.948715868387 -0.317504344748 12.278083537
-0.239608762428 -0.202354438206 4.10927707868
0.160344738455 0.0672050934538 4.0965632942
0.215810185587 0.529766523084 6.28196036943
0.625971477432 0.436246152453 7.26518573019
0.91104739191 -0.963534834647 2.18659811497
-0.608444028633 -0.984874250044 2.88517204354
0.294949428309 0.7960610979 6.96582813353
-0.513035406847 0.854069089593 11.1830089006
-0.879465219421 0.868872053611 16.4215128791
-0.296754625521 -0.797158343102 1.21984141047
-0.0282564816273 -0.486446864559 1.4030559036
-0.430254196076 -0.385420070147 4.72621772718
0.606051795665 0.0783225533505 5.50224201266
-0.377384601688 0.220667566622 7.20928276018
0.432301348446 -0.454751998533 1.83189451023
-0.172901796949 -0.756227813326 0.480039372944
-0.637701300931 0.36223570793 10.9254745227
-0.637123304609 0.0503267673341 9.31694106371
0.418092523445 -0.786246153811 -0.265001057391
0.134624439258 -0.486874432597 0.929512617008
0.925853750475 -0.0329087065602 7.97313928034
0.61198509955 0.100453084313 5.87147095992
-0.91317493429 0.266302751188 14.5721754559
0.902806684413 0.203223640293 8.73024780266
0.638377718854 0.768412926697 8.60664708295
-0.543840456102 -0.575910320184 4.73604903863
0.221961977702 -0.177943060387 2.65180564548
0.679722605733 0.800046246796 9.02402828321
-0.293157241395 -0.526258882051 2.55252787707
0.561051030488 -0.450387928904 2.42764329107
0.645228637027 -0.152523492702 4.51705073848
0.335099798583 -0.808929372331 -0.650984546237
0.247718649353 -0.0964646425255 3.17780631672
0.173216926351 -0.66397158451 -0.0725402896661
0.473747489888 0.725594155086 7.55708662301
-0.566520399818 -0.80857088896 3.44739634782
-0.952722827907 0.283943000887 15.4814521484
0.214188072178 0.0933948254281 4.31341383472
-0.536105807768 -0.218188008189 6.60829854897
0.188952670372 -0.00646628228166 3.70485704365
0.97557104043 -0.727120494887 4.54887930902
0.390289108095 -0.191362463791 3.13248775457
-0.143600770149 0.435195531316 6.45865919496
0.384872302649 0.982511987404 7.84558107714
-0.743211421092 -0.791780701232 6.11491396637
0.448677634257 0.156773834013 5.05344965545
-0.45167866688 -0.841161262022 2.09883565176
-0.828683500807 0.788381749328 15.3347890434
-0.616265350563 -0.353256875769 6.92798263884
-0.546687195546 -0.290007388336 6.52008084758
-0.861152314508 0.0381195818165 12.7345754677
-0.864774872816 0.600713015645 15.1482830729
-0.532575836179 0.080023829209 8.44711646271
0.760158175123 0.301754738094 7.80735014488
0.0659155731027 -0.351332493769 1.83778484317
-0.333996173884 0.338973910396 7.54003767592
0.988278722442 0.323678379699 10.2648785365
0.11556683474 0.461301020478 5.93255997339
-0.0695887754326 -0.879715314798 -0.809108943555
0.124593631756 0.915250569011 7.40690869847
-0.649394115285 0.380009781641 11.1738631686
-0.598132622682 0.0716553689462 9.0509193881
-0.806647100707 -0.0992581274836 11.2014408655
0.51232665779 -0.304856951522 3.13530564065
0.329823448974 0.590899921579 6.461595792
0.854355638959 -0.530715836289 4.26570944892
-0.201368168381 -0.695167973339 0.880447798227
0.984967004317 0.854001935849 12.2654883281
0.0799142605611 0.684066588753 6.75602320562
0.0419159545441 0.247171376006 5.09718610272
-0.821751135768 0.510540840994 14.187174175
-0.74457303273 0.652135260505 13.5869453362
0.564056175341 0.417489395486 6.76755619677
-0.92767923895 -0.393743288109 11.6893510701
-0.473774860178 -0.279727185057 5.71367661896
-0.824714506472 0.873915646062 15.7932422474
0.107604481425 -0.388951378684 1.73634301748
-0.206036965851 -0.10559491899 4.33288011042
0.201188666721 0.031358855393 3.76897068612
0.838783946429 -0.00607303418834 7.12996141985
0.984316029647 0.70284991549 11.795981576
-0.582978971285 0.861190429288 12.1035560019
-0.767267204229 0.634899416982 13.8301168919
-0.238753413047 0.75594864089 8.37328774259
0.736113380215 0.611850800235 8.72677635523
0.580060872614 -0.390641721804 2.69428802336
-0.838161433897 -0.19403964247 11.0820999255
-0.652950970027 0.389902177805 11.2527397244
-0.307800546924 0.95122040172 9.55402218463
0.281944154691 0.644961127269 6.47436448963
-0.734950654516 0.724028964545 13.639316654
0.845514381027 -0.0258761623621 7.09109475549
0.212505875502 0.529619601806 6.00296769327
-0.650322745479 0.00513215292688 9.37533255897
-0.202673944455 -0.707252015676 0.905991035245
-0.264931155417 -0.863655381229 0.177827049681
-0.948376186101 -0.72966742169 9.89549476252
0.926230223178 0.09905907179 8.62608985298
0.931644322306 -0.13500424334 7.56381394127
-0.376367733829 0.0122837256805 6.42897251372
-0.120976622734 -0.788670631477 -0.223108844944
0.28165262938 -0.567923634981 0.533729806889
0.239175909796 0.300402184796 5.2033861753
-0.695950293743 -0.877300745779 4.85784363977
0.561523172137 -0.0803991524614 4.48094164897
-0.883672408989 0.98973263434 17.2523982715
-0.884438878007 0.390070457717 14.7664600431
0.967357850527 -0.521639791568 5.81742567026
-0.715501262626 -0.757230121155 5.97789235662
-0.393449704865 -0.797908377979 1.85770993225
0.384322683388 -0.87541640374 -1.14629947353
0.0188442562996 0.993393707706 8.00234248113
0.627940539012 0.230438876462 6.29246273231
-0.387492758427 0.247791672583 7.51755916719
0.0540829278233 -0.147833232219 3.05159374076
-0.73857924652 0.773208430481 13.8561104561
-0.100430702357 -0.610754976358 1.18665204861
-0.264481298245 -0.171740494942 4.27812296014
0.655075791134 0.467228761123 7.65423407307
0.538609787283 -0.977937471143 -1.30234597849
-0.16769200364 -0.0373116967294 4.49289704266
-0.961615446354 -0.48037358251 11.7587488408
0.520579646244 -0.725780588542 0.457054002433
0.0706202629052 -0.569596255966 0.547841331116
-0.975758450712 -0.517597084801 11.6166892481
0.95174750982 0.603074223766 11.1109764245
0.919153288642 -0.0242919121473 7.80619595734
-0.780527602645 0.0959189779474 11.7074098142
-0.0912453308801 0.688714165479 7.31414248555
-0.803834838432 -0.0235177259564 11.3974063471
-0.699902670612 -0.35064814622 8.35681755386
0.474714154776 -0.0479637412625 4.19995844107
-0.248223429708 -0.21104744286 3.93529676147
-0.081106463188 0.570033087674 6.83981860534
0.78416937788 0.910669373008 10.2247142836
0.573806772511 -0.369186208504 3.01562721431
0.376269412173 -0.124793751889 3.28502681398
-0.490658755908 0.681743158852 10.3304128012
-0.923147302075 0.803523984271 17.0095172928
-0.0770450707505 0.274402953617 5.66191606221
0.318707844412 0.790235481413 7.06314963776
0.273339364334 0.22786716952 4.83165944883
-0.866695918879 0.0368160438904 12.7446125503
-0.699661998366 0.474867537443 12.0987068766
0.0244438416253 0.360455558417 5.78034349279
-0.916654198795 -0.830415967908 8.67082960953
0.432646776125 -0.855831328003 -0.93816676268
-0.857486544469 -0.97578304953 6.71544341228
0.913002796599 0.475016718918 10.291242794
-0.293497182996 -0.406928837425 3.4726275806
-0.300593540508 0.549307062362 7.91749250074
0.322741222141 -0.629608864265 0.272196454756
-0.651781329332 -0.803208700573 4.8193985935
0.320605439403 0.528745324443 6.15387452152
-0.46990714335 -0.958110077938 1.5120798487
-0.835656665047 0.93572006969 15.9740381948
-0.409110445045 0.538446295676 8.87591620299
0.249327137709 -0.236120720694 2.50702162584
-0.588625475609 -0.757227163681 3.85406050128
0.230025936078 0.549267561276 6.07542183029
0.287808507082 0.0606042664983 4.07333601298
-0.916097553137 0.936977555189 17.1443529931
0.597428383309 -0.414355926598 2.98285089904
0.959940658718 0.203763179273 9.32634889526
0.164845316414 0.496146358859 5.91342201372
0.62353957618 0.312957214663 6.7197120088
-0.743808507268 -0.323464988011 9.07960707605
0.856167280652 -0.550768776312 4.09490111608
-0.255665952325 -0.135846234112 4.70854949574
-0.121190020611 0.225879164989 5.56046396447
0.886151675489 -0.518614576335 4.66347848375
-0.756997247398 -0.60505902028 7.51016923075
0.773849800419 0.29162162531 7.86216963137
-0.428186421522 0.631893877937 9.45146598617
0.722739992727 0.693028677381 9.00243964624
0.837853067279 -0.495517959653 4.34076369066
0.510083857493 -0.0789210054517 4.16175094308
0.68399710578 0.456981354323 7.83311288925
0.552894892999 0.312323675362 6.40953140287
-0.645142461061 0.0900538377939 9.58347568907
0.969339479049 0.874776132994 12.4308844876
-0.913652528406 -0.670370368541 9.42258807284
-0.736542453091 0.451959819971 12.5899385524
0.635570659714 -0.572977267379 2.19053096359
0.0117053859037 0.681406056022 6.93679522446
0.465603089533 0.0844744109837 4.69044680409
0.180695380918 0.0167210938326 3.78163407187
-0.404903097362 0.130043985718 7.11028983502
0.3777706041 0.746645831722 7.12518590716
0.272582707958 0.522243074086 6.20010028925
-0.679856730091 -0.0768850511604 9.38257655957
-0.981336760346 -0.506642270957 11.7889962737
0.452923430226 0.983619902699 8.32289816656
-0.801643800826 -0.197011368277 10.5528533012
0.600141937398 -0.591928730742 1.85219988389
0.110169898605 0.466142592059 5.94297648501
0.23197090052 -0.623950530769 0.14260486816
-0.289230862629 0.567583568971 7.99667715613
0.108453028264 -0.989540772914 -2.08342805539
0.521981520056 -0.92937729012 -0.835818473371
0.491467565462 -0.59503887967 1.12656442076
0.916146960239 -0.264118497396 6.58754281201
-0.346136767324 -0.702223899335 2.12042418362
-0.38879156902 0.753301523656 9.51553307404
0.992668675254 -0.263380938986 7.57355828905
-0.102778738091 0.444141876405 6.39607207671
0.77239156093 0.186088668374 7.32958133343
-0.216948603644 -0.174756318303 4.23293570682
0.391236292994 -0.993563472791 -1.82162628686
0.23917867492 -0.289013979117 2.29286747142
0.588394662554 -0.814018720354 0.402310045576
0.176404533897 -0.0380542202278 3.53011603429
0.28465105181 -0.870292811034 -1.24642172004
0.159967574856 0.122969175919 4.29351206118
0.121320188832 0.206975333193 4.77824265191
0.352935874453 0.609977999362 6.60250476011
-0.460358559744 0.65009882036 9.91408092953
-0.00348863547309 -0.845883441731 -0.874857032069
-0.882898141512 -0.331523362608 11.0354208295
0.569793954223 0.415361869482 7.00146193184
0.577229929345 0.0345381128832 5.00476128764
-0.119602004089 -0.705094946587 0.329190649405
-0.343614492781 -0.131961267652 5.41400180847
-0.822799140641 -0.558776094578 8.85743990127
0.196450588127 0.471326228478 5.91628561467
0.996695022786 0.866226662687 12.6007419124
0.28513039907 -0.157503893412 2.9814519378
0.272354729416 0.57130323616 6.21675595684
-0.763327618153 -0.180190220607 10.0254961127
0.679604571271 -0.232334096134 4.37271948848
0.143744542454 0.175538721724 4.67845805966
-0.631047493733 -0.275529116695 7.61064238019
-0.330977422516 -0.947606582936 0.15075983089
-0.951616472217 0.663394087352 16.9441808357
-0.453858380054 0.0361575324776 7.23024801399
-0.402548852822 0.881358490231 10.0776383973
-0.481406482268 -0.140686374522 6.49279048802
0.745460500969 0.683867133584 9.18533949781
-0.627797164307 0.605286619591 11.7209835922
-0.0836262265242 -0.0340622558293 4.08465961172
-0.733040055168 -0.838796972486 5.55323289131
0.455878613948 -0.0070776952894 4.28273306691
-0.12629859477 0.459016457305 6.44608420893
0.531025797982 -0.682183664661 0.64579053796
0.220450298955 -0.729291835445 -0.522734402985
0.502750172058 0.313910312534 5.96347853105
0.913229242167 -0.862083967287 2.90969561696
-0.885890557697 -0.435625850614 10.7157248017
-0.476588632528 -0.506042401856 4.54633473539
0.812509161042 -0.500907600301 4.07240133255
-0.456100547743 0.518796524836 9.35545448965
-0.100520315099 0.55342111391 6.74297331904
-0.869267684871 -0.0248576126532 12.5260562405
-0.932772799633 -0.874693593089 8.59141645366
0.812874906689 -0.721509257765 2.7516501495
0.0648413645504 -0.177808794799 2.83572809095
-0.305313347482 0.799666691375 9.07247125466
-0.956353206449 0.327579372351 15.8698137711
0.926788868427 0.120336366924 8.66745922641
0.873644924066 -0.895484241428 2.245966793
-0.162413361852 -0.479684418076 2.13876005427
0.461641929961 0.962594180994 8.1662416826
-0.486939875112 0.308349202948 8.82677919309
-0.603804734481 0.130660509143 9.36554507963
-0.0721350266233 0.944010659263 8.09669755777
0.217054545393 -0.300987255826 2.05290718354
-0.771808430224 -0.69750634253 7.1093355213
-0.549366140098 -0.498066677319 5.37391969485
0.701232115682 0.122445576565 6.57246481785
0.0467818227487 -0.770462256262 -0.472833443752
0.720279386699 0.445628606417 8.23445742211
-0.8646632762 0.41567019446 14.4039649837
0.0870764346853 -0.836549308506 -0.995900084659
-0.0833987169427 -0.0306074257399 4.17019917609
-0.668450919673 0.891396294001 13.4613402255
0.699950742961 0.338044674658 7.31471545438
-0.0754088779988 -0.176468916831 3.27426057806
0.301946934302 0.0908637388138 4.20965801666
-0.875453788236 0.0250052975407 12.6697276978
0.612807234466 -0.0815202448061 4.699017673
-0.896086844891 0.572556398768 15.5710815013
-0.597272435728 -0.482758330224 6.01388432916
-0.670587293135 -0.339569870257 7.83027897063
0.513503011377 0.0387717190079 4.94894614018
-0.590237451699 0.755660156304 11.8600752437
0.759163709903 0.741156850092 9.43192558622
-0.522407577237 -0.097521311638 7.1635417142
0.969979312282 0.54402495262 11.0902945244
-0.945665157549 -0.869590817479 8.75509059632
-0.0721372463753 0.818440411723 7.8635452253
0.0774035959054 -0.00437498393142 3.91176969749
-0.789052600087 0.313560209449 12.770553323
0.6442063212 -0.239159984985 3.96308443434
0.551223701851 0.928953307802 8.69430897865
-0.592467081745 0.0466592623895 8.8052044295
-0.425724083831 0.585708838068 9.43637119447
0.155186731762 0.269164835101 4.8410348796
0.595828319232 -0.208059054675 3.90908478439
0.830180136814 0.0660577344923 7.34950148419
-0.684090354329 0.391798236338 11.6062913491
0.586522700877 -0.366476645865 2.98080801808
0.714358513998 0.812286509532 9.4032973175
-0.446191025244 0.96704294543 10.7245451497
-0.718576943902 -0.595968663195 6.93729351419
-0.631550321524 0.787979420016 12.4165125304
0.30858510465 -0.695791433555 -0.0755961828359
-0.119353163263 0.23059605014 5.6429881106
-0.833071830021 0.764832736815 15.1780152414
0.607207070883 0.0104135471533 5.02653007952
0.934253230518 -0.16447804145 7.45819754714
0.968220638073 0.335839997607 10.1945906029
0.269342546508 -0.668090209408 -0.089308609254
0.763855516609 -0.145020624159 5.78521654753
-0.675533188435 -0.974784960048 3.86479721957
0.119511367277 0.0547992442454 4.1446526159
0.438707244738 0.780516106036 7.52371762501
-0.841186830714 0.462992980681 14.4909999612
-0.625176111805 0.716354106314 12.2464311118
0.638127027723 0.0815875099711 5.71965235814
0.420485597247 -0.371299773633 2.25580301323
-0.0576642021344 0.643273795421 7.06669928425
-0.0814696056536 -0.284403469349 2.93146766575
-0.0115751054994 0.656498504874 6.79080707245
-0.329583905258 -0.652476813729 2.23825120552
0.424028040662 0.651956425416 7.10689150728
-0.798725042953 -0.520251774488 8.45207395284
-0.716056020478 -0.304117176836 8.51865886445
-0.0992980421892 0.497652673927 6.41345690402
0.302295169763 0.241857134957 4.94802356562
-0.295250106781 0.68289510617 8.60301535517
-0.0574256652037 0.95820987603 8.22177757064
0.268284276591 -0.747470516871 -0.517696485149
0.352355124151 -0.349791969137 2.22771498287
0.372654393372 -0.860717703675 -1.18942643454
-0.650237125648 0.711474517812 12.2140162891
-0.545640885953 0.674082250486 10.9291840714
-0.441447823091 0.285763820117 8.26891759796
0.38830114702 0.0253095062901 4.16395629069
-0.389378646607 -0.574711247258 2.97046831927
-0.933621290875 -0.392107197519 11.6508575449
0.306325581063 0.876609636897 7.31586292865
0.742408964526 0.532129553071 8.62659483028
0.576894686507 0.329969806952 6.50940456091
-0.479426284868 0.814390061412 10.5918065119
0.341464623812 0.120881261961 4.44679818166
-0.778021061573 -0.105888912387 10.5300189868
-0.0792834575961 0.729127219045 7.39587898992
0.0932964403756 -0.239198902059 2.63204809218
0.953600657021 -0.778558813347 3.8165112363
-0.154903143376 -0.915950649657 -0.711644888591
0.479808241534 0.836153104398 7.83089061071
-0.439925340899 0.716683353598 9.85854492266
-0.415563539076 0.821540323288 10.050305135
0.507923807194 0.609813553683 7.11379229565
-0.963986888799 0.925620714148 18.0420913744
0.453341984141 -0.390497809228 2.05936030985
0.658789329718 -0.43695760317 3.31641160892
0.745507679132 -0.774839219176 1.73868500351
0.407371954922 0.0813969532898 4.43588616413
-0.806931059609 -0.516212343482 8.80375614862
-0.975191927445 -0.062464069071 14.2061152349
-0.39746947848 0.196714968596 7.37904543018
-0.405524384583 -0.400161776986 4.43265170299
0.486386397463 -0.903714328043 -0.826105827214
0.805789990384 0.704527748782 9.75023937802
0.335609366453 0.186443140215 4.73411390792
0.784604996279 -0.629339640943 3.00075325456
-0.842061675618 -0.520979660181 9.09221772752
0.5891565574 -0.930659466547 -0.661569560807
0.165613670167 0.990875032383 7.83181135033
0.711392187675 0.0428913780872 6.29156818593
-0.872718181427 0.662747028771 15.5608486536
0.197957016354 -0.770134005881 -0.666495926585
-0.812285430353 0.819253638873 15.171533939
0.338400525876 0.658573598634 7.06795463887
0.757957800565 0.143544704097 7.13120274735
0.0348927035101 -0.139145179358 3.17718285866
-0.366106824418 -0.130808078283 5.40388893952
0.54775931146 0.20384686203 5.57408030692
0.78504657991 -0.113239971242 6.01656853759
0.214179157438 0.262615106184 4.89291798193
0.183394324613 0.405267546171 5.43875542848
-0.52513306325 0.0247275550916 7.83988609775
-0.791550394383 -0.23097734471 10.0706753403
-0.0246658627575 0.304448519091 5.67713268474
0.901062105172 0.201302133097 8.84626911589
0.487187832353 0.0125321189904 4.4989586517
0.268208062753 -0.858135567732 -1.10821974623
-0.491216838316 -0.27629381359 5.9539318643
-0.055013289987 -0.908702508995 -1.2661296484
-0.719951804893 -0.446371384417 8.02770829845
0.943065381802 -0.337305985794 6.53936811677
-0.0359178837758 -0.607804574523 0.605900517467
0.221560142152 -0.438633568968 1.32342962579
-0.586014843123 0.033145256892 8.58241755132
-0.988988401679 -0.984671934702 8.76053120869
-0.561862381796 -0.926557274998 2.81242482992
-0.783948491739 -0.322278701322 9.74413197292
0.60517135916 0.144097286739 5.67421056236
0.0253354519128 -0.413022353584 1.74972641644
0.863507438866 -0.205969917526 6.23730100775
-0.825814466408 0.234133032236 13.0003340087
-0.772323213047 -0.309553714397 9.38600333592
0.0148238774356 0.74844504937 7.05294252439
-0.0129068393198 0.404517532063 5.90385859933
0.985633677998 -0.737021760204 4.50348405596
-0.450536948961 -0.210847848805 5.90382880912
-0.156343642922 -0.177957849469 3.73809555175
0.815222005113 0.428065288934 8.80422107402
0.215810428181 -0.381254564274 1.58277761239
0.647580768443 0.91012102297 9.07675221327
0.6423965651 -0.996869789617 -0.528362123432
0.272802740367 -0.897729237116 -1.46750978988
-0.484785559333 -0.880950599304 2.05591050688
0.207590905899 0.373179826985 5.4585483382
-0.771024723868 -0.23232223391 9.92846109255
-0.0875269820889 -0.261893956478 2.77886997207
-0.75794999903 -0.162104419625 10.0872916836
0.502356095617 -0.857984670933 -0.580498538542
-0.839639971836 -0.290457416328 10.6792894485
0.883451423238 0.337145293446 9.08927067074
0.357339913345 -0.276160018324 2.31196211191
0.187321582417 -0.979737631945 -2.3025779763
0.272192092819 0.826573895152 7.23058557097
0.22514693669 0.747397186933 6.93444396454
0.447946110932 -0.758883167193 -0.199343746324
0.804906614572 -0.867112311288 1.74469135078
0.0679349450955 -0.715725752413 -0.423927702125
-0.976586778538 -0.155931479745 13.7489542188
-0.409918584692 -0.0279990124048 6.31214109598
0.154399773469 -0.912521855382 -1.73297402427
-0.753993409753 0.117284792901 11.3874368338
-0.313665293655 0.458346975099 7.7236948019
0.304583297184 0.69120872598 6.76823656044
0.384985653338 -0.14013784522 3.41105610536
0.345933244789 -0.449237651489 1.41386683252
-0.387373002444 0.577970319842 9.0019528713
-0.107160967197 0.596760681037 6.928060094
0.644844747337 0.715124675323 8.50926423648
0.833270471682 -0.138029558973 6.48986292482
-0.362266363358 0.164397493188 6.6844909144
-0.257655153125 0.2021483336 6.19424307651
0.411171725288 0.376810036984 5.91875391921
-0.25089422596 -0.666279596602 1.46063495637
-0.138941323076 -0.714811711836 0.523361744069
0.780194070368 -0.308245078524 4.83240114866
-0.691080505553 -0.949104480188 4.2563169014
0.291644772573 0.273804634909 5.08400554214
-0.318791666837 -0.856576222305 0.869574285297
-0.18074221021 -0.377565009873 2.79863030132
0.35424127947 0.211558498905 4.98796699651
-0.270812543605 -0.56421489149 2.21855250316
0.976071932311 -0.0919967576078 8.17630772558
0.37654847156 -0.718894064843 -0.14987022267
-0.0288206006812 -0.944926560261 -1.48496697312
0.0109102358209 0.928034814235 7.70504856516
-0.231586574028 -0.92200797485 -0.307342642002
-0.938088418161 -0.224026480106 12.8915641123
-0.679950127074 -0.953295807344 4.15036832101
0.5124272279 -0.0829539822362 4.10911799988
-0.421510456055 0.800166366033 10.1665868937
-0.767722079599 0.911837657911 14.7052766087
-0.372066565245 0.776807344617 9.30046254644
0.205885752959 0.653414719483 6.46076845798
0.968026326421 -0.423189124363 6.110406921
0.922270970815 -0.221036210195 6.84866763082
-0.228976190526 -0.319225791491 3.41017711271
0.0828152146952 -0.691709913643 0.0370527925749
0.107422970716 0.08340962482 4.21283234092
0.52380362521 0.667299923875 7.49285140472
-0.119117299375 -0.395333501297 2.42084782059
-0.481330205366 -0.61075232659 3.64952718059
-0.884704835602 -0.315104042331 11.2644863626
-0.459504615738 0.932834771733 10.938749449
0.1154176525 -0.305445921939 1.99193147307
0.160935201987 -0.721606597309 -0.289978155554
-0.111912501596 0.252468642842 5.66838520824
-0.0222043364151 -0.196442398691 3.00822686884
0.987696777799 0.760629524298 12.1291376005
0.246811916319 0.138754722365 4.64848325196
0.241320959649 -0.597375784355 0.416373441577
-0.209724513471 -0.921080934218 -0.447924187021
-0.0489079250263 0.0860491679153 4.54276494645
-0.544500527794 0.928057694331 11.6993611322
0.818909221874 0.444286470912 9.01524631172
0.0667732575307 0.739938319295 6.9019240683
-0.738695312353 0.58101958855 13.1561228572
-0.750358372066 0.588421325099 13.3034778334
-0.448464863497 0.754181162036 10.2043750284
0.888084187651 -0.70240806119 3.67324445205
-0.0746487898692 0.961974756325 8.25675824848
-0.0331851280537 0.727095045029 7.16417178671
0.177463044263 -0.249340184161 2.38369698207
-0.428432888948 -0.593553817828 3.33578499413
0.523596382755 -0.226918986354 3.39191974386
0.0225509244015 -0.0153490399976 3.89716483661
0.154558058466 0.731154291249 6.92431509239
0.961478687167 -0.184831582852 7.46055690481
0.655037844213 0.529055589309 7.91982180815
0.147057902911 0.912094287224 7.59595373895
-0.599050968943 -0.781471579381 4.191337178
0.707923933911 -0.121700366733 5.44984533623
0.693937708414 0.786180410391 9.00602671439
-0.875084812762 0.766929525972 15.8734431362
-0.103361889261 0.0208649780085 4.32157262684
0.253185022186 0.85276521346 7.43948816628
-0.96176781114 -0.0463130633644 14.1170083628
0.375444084861 0.445413915396 6.02445138614
0.385064863074 -0.731129741184 -0.131197540758
-0.401208823257 -0.282568949166 4.88613576705
0.608874415359 -0.442480255171 2.97558632924
-0.578590072266 0.914896038076 12.1642695387
-0.982273429773 0.995641711364 18.6635546349
0.353642597715 0.656938598898 6.86527823636
-0.410761207308 -0.971369444666 0.829776879167
0.475739037123 0.668289194001 7.30062786579
0.480952263907 -0.714299425398 0.246895607877
0.506855844514 0.537845564215 6.98175204925
0.31708103134 0.532231865591 6.41917096832
0.691842879355 0.227208228475 6.97260348756
-0.822790572061 -0.0247443806656 11.9192307949
-0.844701330657 -0.184913937935 11.2323822743
-0.185787021749 -0.86798031172 -0.358756257308
-0.302358932061 -0.778003802417 1.13055656589
0.616470420018 0.895376051929 8.87162944651
-0.855367049484 0.910230414583 16.2513752803
0.0451531986735 -0.400868644092 1.54656554153
-0.846275849448 0.00124853614084 12.427486209
0.589031088981 0.414172954533 6.89209246989
-0.899547977072 -0.854196329264 8.12881531341
-0.194253434735 -0.409419011904 2.5687060551
-0.535231353888 -0.437991002183 5.35019808305
0.606965486594 0.858456107264 8.76401106216
-0.189794610945 0.812222004265 8.26629702142
-0.357008597504 -0.0471260273124 5.72381981306
-0.547942004368 0.280952084352 9.24206800516
0.95796223035 0.206986192087 9.42615559395
-0.284371831773 0.295634891981 7.05773082804
-0.754158643069 0.777318160531 14.0689261454
0.00616790155967 -0.101300515921 3.31472196996
0.171729576907 0.249567725579 4.88171992179
-0.856448387547 0.365234442447 14.1028795442
-0.516136639369 0.427905265013 9.36632090705
0.645069588768 0.607917015105 8.05830192014
0.105001934816 0.0403397846215 3.95017561794
-0.714248077321 0.550692300806 12.74376689
-0.457181239107 -0.00660915436411 7.1954673572
-0.431451814145 -0.732343274001 2.69817424784
0.259115393783 -0.891335930354 -1.51826814455
0.497290468252 -0.364826409478 2.41862812644
-0.999730613991 0.0222582784745 15.3630141881
-0.906296182945 -0.447660884358 10.8570878728
0.413952974911 -0.874620756756 -1.00767472397
0.678676984712 -0.992360154683 -0.300203316241
-0.506352261596 0.481808112304 9.76690766789
-0.367459700541 -0.796215223868 1.55312131055
-0.279532162399 -0.459213427231 2.89939201713
0.685423804321 -0.37330416483 3.64161220153
0.577864943552 0.783744289621 8.23901932281
-0.132365160847 0.819886287709 7.91013520565
-0.245363892074 0.92815683298 8.92574367251
-0.821420950949 0.374038533006 13.6030527457
-0.0123719190861 -0.224702389089 2.83883944147
0.265423757497 0.407714183269 5.79006625582
-0.991273460699 -0.666093822506 10.7955578994
0.426092101269 0.332770827156 5.83642792387
0.932095010257 0.522075580502 10.6165473444
0.901545415463 0.40508100307 9.45161221581
-0.403895582721 -0.789270155498 1.91317296684
0.56364772669 0.288298442952 6.1718790343
-0.903627975213 -0.279899068198 11.6246420675
0.913599630969 0.000802291420402 7.86274453741
-0.134541727961 -0.0846007896814 4.00721816981
-0.58223455199 -0.26258565827 7.25202776927
-0.260373488026 -0.895289959625 0.139049219594
0.535135257036 -0.166991136192 3.94986596445
0.644359773633 0.70069600224 8.47318915216
-0.576011890603 0.31470696434 9.74394242791
-0.055436391674 0.760313475843 7.36193349424
-0.568518641647 0.35562640062 9.99186281455
0.215504244505 -0.409397044856 1.38821995617
-0.726798192698 0.303279520955 11.9019984613
0.477194916265 -0.368745312473 2.38640294842
0.289665208045 -0.209738184777 2.67208872708
0.426413766565 -0.601569450212 0.876751245168
0.780430005272 -0.425180807069 4.26902150632
-0.264428024488 -0.883816095839 0.116353527496
-0.776975575357 0.0317238054247 11.4340006913
-0.464814646544 0.670960451484 9.91937318197
-0.97061322269 -0.241811902656 13.2426209437
-0.325308906462 -0.961344738165 0.150936525748
-0.751263201999 -0.172714650163 9.84460255029
-0.0142708311051 -0.19142050549 3.08331071113
0.0618753568242 0.190263349811 4.63500765692
-0.980152357744 -0.071809681093 14.3542438945
0.926998481775 0.0380645602591 8.26399771329
0.355084534918 -0.376272284166 1.86821205603
0.547982756306 0.545842963752 7.29450374102
0.0425920953083 0.952027646558 7.67008363066
-0.748899570475 -0.966104670221 4.82877553012
0.540316423514 0.61431107473 7.25309978937
-0.759585541759 -0.468834334083 8.39114187917
-0.964895273267 -0.413382778439 11.9770267778
0.546283747837 0.0359210554252 5.1023505948
-0.303808813663 -0.256521410187 4.09322157746
-0.997292748569 -0.40039894487 12.9559524539
0.292917483276 0.948388887633 7.67125746894
0.694121653968 -0.952810070709 0.0905053065764
0.79712120935 0.566396826597 9.14854101024
0.560752247142 -0.0840084819929 4.4461016964
-0.203989414091 -0.394168542334 2.81488666909
-0.868610282091 -0.543529273013 9.73896117603
-0.506792730044 -0.0318458605796 7.42626846307
0.494888813193 -0.0523803432041 4.22503781958
-0.884311101106 0.915579601976 16.6122330727
0.885448638188 0.570379086297 10.1366769794
0.982655803128 0.0889646656005 9.24462080316
0.925536700506 -0.848789918766 2.94092461106
-0.268638503477 -0.549237463986 2.20058102085
-0.608333831731 -0.718394102215 4.75182771406
0.244827283132 0.562643711495 6.25877849433
0.156596798841 -0.706074580824 -0.320922488703
0.622247539867 0.271909414327 6.51824912271
-0.223668587746 0.348260591072 6.726002547
-0.480190041514 -0.309615583012 5.58731423997
0.834971686264 -0.418990988657 4.72416781171
-0.0600234636841 0.780282274792 7.52104839171
0.415442700535 -0.875593547671 -1.10805607902
-0.705393911442 -0.984316818456 4.24718788092
0.261843580458 -0.104653149179 3.05848935569
-0.731450298195 0.915868242114 14.3179493418
0.0593194478912 -0.516213411774 1.04990843439
0.00120714230942 0.35924066547 5.68914267567
-0.847521564053 -0.450592369904 9.93118086949
0.613930981768 -0.0806702591947 4.93018551545
0.0931542840646 -0.134367995581 3.20150118328
-0.912200114714 -0.66850044036 9.41999027472
-0.108916722516 -0.581629069184 1.04725757038
-0.900041942681 0.687299328104 16.0823642331
0.962385058328 0.586285747993 11.1126316957
0.707569843409 -0.516045739366 3.08776513629
0.921253951026 -0.606148591093 4.55517543391
0.902859620724 0.989638587932 11.8001501771
0.423445611492 0.962287463584 7.97401451477
0.139079559134 -0.480916433648 1.04049174806
-0.126008228669 0.187121870758 5.26497792513
-0.853836875946 0.244686529234 13.4650477376
0.962355673525 -0.619784700433 4.90373548073
0.585190232577 0.815797587559 8.29988507733
0.88740318564 0.920271208811 11.4974868801
0.0429192774429 0.954615815983 7.65282651759
0.514620414269 -0.676657127526 0.996899824073
-0.0461997870641 0.436662350744 6.19764425904
-0.505319368362 0.281230367098 8.9042843459
0.333200958093 -0.674600512383 -0.0253440377254
0.130170624906 0.543253821957 6.23621864065
-0.00220867092812 -0.975793766448 -1.8820410509
-0.981923061841 -0.28594131206 13.1598843678
0.852388136864 -0.542646440793 4.50367096649
0.268727377743 -0.555848258613 0.673718525518
-0.356660020681 0.696084179203 9.19844606897
0.45772288454 -0.809201445374 -0.468218589943
-0.142595958027 -0.941660472709 -1.00806892641
-0.038219706794 0.324868023402 5.82222603623
-0.762994752804 -0.422230122182 8.59414660809
-0.204326748996 0.839062049312 8.61950558959
0.986510030846 -0.910177402009 3.51755151551
0.522015846991 -0.256551867195 3.20913194098
-0.215083627541 0.508529946694 7.362626418
0.836852864291 0.901857189005 10.8852181395
0.154245172077 -0.285757681399 2.27933220539
0.575098171718 -0.497997233475 2.02559885784
0.128148057667 -0.28284307695 2.18000191596
0.313262147416 -0.519202174213 0.954945309453
-0.61681410853 0.836478173351 12.3693712708
-0.796392634101 0.0119158154699 11.584612024
-0.558294434074 -0.922140073349 2.72515212164
-0.927962363417 -0.649556455788 9.86955996953
0.733540709012 -0.435042512046 3.77757888477
0.900918341151 0.163244585978 8.64110854549
-0.126771620462 0.160177669339 5.34009371716
0.0333967704525 0.517552507515 6.33671245495
-0.435007868054 -0.293899216799 5.34639774814
0.788188605067 0.892913026301 10.3185538689
0.785116454973 -0.161104012085 5.73742228375
0.560731006014 -0.0473285333978 4.42818232039
-0.0049202957078 -0.590639781885 0.755862122143
0.182260606517 -0.627728204493 0.207054657486
-0.336870601866 0.71006040324 8.99174034848
-0.585848381578 -0.857683429653 3.35157888297
-0.861984814774 0.881569041006 16.0526725885
0.0138408759237 -0.181175856366 3.12662124357
0.621757162016 0.671651855821 8.13057181039
-0.335617933769 0.387236114948 7.7623478168
0.542245631704 0.309301373732 6.17917707218
-0.6968098504 0.751766167034 13.1714353713
0.078189105472 -0.43505514726 1.54362063644
-0.149543629125 -0.924857819202 -0.903718291104
-0.744266397555 0.531093501032 13.0472782329
-0.999976730489 -0.166868343035 14.0911435957
0.0450203621712 -0.890731159998 -1.40935384456
0.946156325945 -0.547749337501 5.25353213058
-0.391602560727 -0.39211497549 4.30951255244
-0.539166675765 -0.997052355827 1.91585561978
0.458689588176 0.933690999599 8.2293520697
-0.55141303343 0.326094383607 9.52136340857
0.483792653917 0.696850758181 7.40103034144
-0.154741605973 -0.394138188719 2.48577557364
-0.349409731954 0.425242666197 8.1150062764
0.633558933011 -0.636772064487 1.74081506686
-0.258117983684 0.803880393498 8.78371583345
0.613387039389 0.969716805525 8.92946546996
0.508496519364 -0.213609597944 3.45608810008
0.181275667989 0.322028508495 5.31446320022
-0.843088367366 0.0889939182077 12.6609271361
0.418641656945 -0.665357391998 0.483222343034
0.561263434851 0.167545561028 5.59427028696
0.904443571395 -0.915155403586 2.55846298989
-0.469347724889 0.2031077586 8.37451731329
-0.406880175588 0.428848328142 8.46909924118
0.518010565044 -0.794968071867 -0.0587169779184
0.0277089284135 0.0177811111821 4.15694332818
-0.261438459569 0.865849725139 9.06862601759
0.655012639746 0.394418763819 7.23153620171
0.42865327147 -0.0765677123738 3.75326934457
0.841989042193 0.389190854507 8.91190354122
0.457962123312 0.723381807575 7.26313082841
-0.451856821316 0.614141807733 9.59064084372
-0.609518794087 -0.30931609551 7.05799066386
-0.32877909146 0.957050936778 9.64363123403
0.713074447496 0.402339723181 7.7749308732
0.454113523231 0.124145588805 4.91614945622
0.894181334217 -0.00748249423528 7.83151965543
-0.23896458026 -0.673929326137 1.25006353435
0.572411304522 0.468887864151 7.12701943025
-0.231289922952 -0.949613172082 -0.549399924894
0.677994655436 -0.977164033092 -0.202186027902
0.407399559258 0.940514219452 7.99108257878
-0.124677343704 -0.530053190008 1.45489301494
0.409742020087 0.634256284031 6.92112348488
0.0928606321557 0.934070550512 7.60491305962
-0.896662556684 0.00959119660906 13.2191267129
0.436907894645 0.725280942298 7.34567351391
-0.641488776184 0.600006963527 12.1020856037
0.105414151437 -0.20689263602 2.63161295091
-0.736569942842 0.730591517818 13.6160860018
-0.685453583641 -0.380424281582 7.70597557896
-0.419908936075 0.742828068382 9.77711401581
0.345405988418 0.593362794383 6.46922026285
-0.499064202415 0.249748199214 8.79498171847
0.143491966287 0.665660753577 6.76149361008
0.812174120963 -0.975686457045 0.95302108214
0.348039838118 -0.896328401761 -1.44334785293
0.0977173301547 -0.424734541913 1.52630683742
-0.386446800956 -0.294082993095 4.74194736589
0.242584898099 -0.331900068662 2.03665995087
0.465398101181 -0.190945228852 3.36567491452
-0.86329359938 0.567519684968 14.9160329285
-0.428483350815 -0.134466240801 6.21857205406
0.370887766444 -0.335087685703 2.37966416474
-0.886828687707 -0.252157905974 11.5665550254
0.888897165389 0.283468794597 8.9526331284
0.342958297334 0.264564307275 5.19350206045
-0.602015722081 -0.163332271795 7.89553749232
0.501879596727 -0.797254204894 -0.0466046177178
-0.444294447821 -0.447361783068 4.67614276796
-0.135962144811 0.960737481884 8.41874825058
-0.864994906632 0.0374019887612 12.6864955385
-0.641270635976 0.941353090819 12.8963240261
-0.773392990545 -0.192797995277 10.0310186669
0.475769969669 0.409108856055 6.25840813019
-0.154542726212 -0.306951664095 3.20517395423
-0.204775242894 -0.471447473683 2.31852771074
-0.589334122586 -0.0339206048822 8.39814519543
-0.462932487865 -0.425076670205 4.79553355397
0.313512126949 0.9370746634 7.77188616866
0.207274401119 -0.84604106587 -0.971419356385
-0.848832772292 0.902846441691 15.9566485533
-0.405418419385 -0.815866027835 1.73725655757
0.198089174301 0.247297556581 4.99939483402
0.297009640237 -0.465195944285 1.3404910514
-0.969778631571 0.930030738909 18.4029679005
-0.498213908618 0.352052576105 9.17509319849
0.413259739757 0.220014834159 5.14222811523
-0.374185211573 -0.457807492472 3.80311253574
0.195336565405 0.732191267223 6.95496393644
0.893467457847 -0.788188391192 3.22573573446
-0.690342774805 0.889472517566 13.5905421296
0.47307045667 0.76598764966 7.72102252361
-0.594734731729 0.175171742219 9.57598253506
0.402279188835 0.360223770894 5.89736438811
-0.183696618267 -0.969210216617 -0.899503103023
0.165852113609 -0.493796921641 0.992967231824
-0.0994915077142 0.915162030168 8.13062298202
-0.201929364715 0.679603213329 7.98879827655
-0.622918788501 0.34492099605 10.4969198217
0.954013908878 -0.796213798254 3.84094050711
-0.983360115546 -0.132834414735 13.9649063448
-0.814749033897 0.496768699352 13.994713846
0.829097327697 -0.131958054582 6.46256903244
-0.482576715689 -0.131193361987 6.65670383791
0.4468956357 -0.981891676839 -1.61188722787
0.178907978969 0.226583369775 4.66493179392
0.275376493792 -0.515955840038 1.00916395283
0.428105446756 -0.817217027336 -0.507502540267
-0.601459327066 0.754940093309 12.1194959525
0.477446301453 -0.972508891977 -1.44779496655
-0.50324747926 -0.571187034014 4.37553187571
-0.458387343926 -0.50488045944 4.3017454812
-0.874947408514 -0.0821189668064 12.4895129361
0.465466949572 0.213463449435 5.34909605013
0.345743337196 -0.837701642928 -0.943272474488
0.902981420354 0.676983667686 10.8014604061
0.610180636991 0.645967610084 7.97924617656
0.865421016266 0.0885079322274 7.78542787997
-0.599435964265 0.233567215705 9.80558712839
0.485762987336 0.475834786708 6.6905548412
0.0428980483338 -0.863082561333 -1.27694804888
-0.25777412314 0.841533216927 8.81768725476
0.168897819515 0.0766638865114 4.02894832852
-0.462292971236 -0.263102160167 5.83136835911
0.790692178306 0.332926095054 8.03094843178
0.574774053505 -0.0913091538647 4.39782422451
0.260494438912 -0.503232782514 1.02968954644
0.410921660567 -0.144797332593 3.52968737971
-0.114908970371 0.298644649154 5.84781907608
0.872561242938 -0.871987306783 2.29740290283
0.649486474694 -0.415233779176 3.3657297421
-0.112161090987 -0.95617334245 -1.40281140749
-0.397907844331 0.00526248526026 6.26677289053
-0.887647845305 -0.0178085412337 12.9209347088
0.854221257717 -0.789213563784 2.65575659331
0.528881456151 -0.180657893248 3.61303036648
0.310347429049 -0.47952680403 1.28273759539
-0.681015474917 -0.679074771458 5.92116671023
-0.859016108714 -0.628706590198 8.88510493576
0.328438769978 0.763381223687 6.98378468095
0.628251371182 0.370268619749 7.07433415039
-0.779136273178 -0.421625107408 8.97296232654
-0.380386249355 -0.500086107205 3.53827410063
0.0300113194194 0.0711076297593 4.45231702948
-0.286228049658 -0.292421682527 3.85946879058
0.657111195812 0.578585696639 7.88864195961
-0.384408336639 0.827576887747 9.71919329075
0.905630034005 -0.34651491594 5.98723019762
-0.291150102414 0.0112683068439 5.63214586874
0.882241625067 0.752638866285 10.7526828674
-0.794864074833 -0.214538513457 10.3555496028
0.1067423795 0.00626494510308 3.67705587971
-0.612273864126 0.717633542336 12.0534021409
0.353881565994 0.675816749704 6.85435295552
0.717528558699 0.496711707331 8.31475778391
-0.121578797501 0.221093510031 5.57384536913
-0.679269187761 0.34729083495 11.3905791714
-0.641493488521 0.38789918102 11.0625984906
-0.540803678492 -0.7648973997 3.59737581028
-0.669431019714 -0.996015729562 3.68554247503
0.437479235707 0.464802098117 6.45955169946
0.0298666998265 -0.677274397889 0.0921155760764
-0.832891324979 -0.961742067125 6.38557988519
-0.66850364607 0.781711069966 12.8691975202
-0.516926316597 -0.291457345566 6.29025909354
-0.789309031037 -0.555277390504 8.1996379018
0.0384491415604 0.215505366191 5.1076575786
-0.509295371668 -0.88453568155 2.39384274507
-0.217934261745 -0.531593258147 1.95013033172
-0.56089215354 0.919725605427 11.9650198032
0.232600971851 0.113756886344 4.22276141808
-0.168449792953 -0.14211133314 4.08566409902
0.0818100076762 0.392859614072 5.55280999188
0.404292192364 -0.656612184589 0.335922010141
0.000225504153254 -0.176083809932 2.89894526348
0.741053932539 0.262837842437 7.37000049868
0.065008132832 -0.769210715642 -0.841342575754
0.211275778647 -0.76559218864 -0.84921032365
-0.325586848868 -0.714316070371 1.81902858122
0.384147294049 -0.587495772328 0.824061137777
-0.216281253624 0.791349555238 8.39612382002
-0.591367233202 0.0156101279176 8.55293268483
-0.161456677668 -0.963751917909 -1.05943238132
0.585516227146 -0.861908187371 -0.06670157765
-0.0514899580461 0.121356589878 4.65189865894
0.256852913229 0.377263258616 5.65155716954
-0.493455232955 -0.980042446683 1.65539103265
0.44688732471 0.0713131986952 4.58638827755
0.672235406414 0.642776725801 8.40190760753
0.686652335576 -0.0298106800409 5.58287063683
-0.332743208326 0.583116405183 8.25535776355
-0.0974117739415 -0.633115607193 0.777016605155
0.709948039123 0.765119753545 9.07435773433
-0.0673804877197 -0.84860054538 -0.82482510935
-0.224347820166 0.607075318925 7.71442513829
0.803548057092 -0.593054515005 3.61765408907
-0.866052775949 0.754700906266 15.8665529732
-0.221190122042 0.0835219285351 5.40848675799
0.936131624102 -0.866870544172 3.17378548576
