-0.665034835482 -0.790864319331 1.0505738969
0.272860499087 0.412951452974 9.88333876213
-0.936827710349 0.872424492487 8.55163933139
-0.896057432697 0.0825926706021 4.72479105492
0.418121038902 0.741938247492 11.9640543542
0.428173864265 0.60345616614 11.3018024235
-0.321099614914 0.629650227493 9.18495229272
-0.839770307231 0.789633312121 8.42885563891
0.0951847523075 0.634595539925 10.4585319565
-0.0953634309634 0.287155390393 8.14968665908
0.0528053218722 0.463179043511 9.47431118317
-0.836740035939 -0.879295832019 0.0933007320892
-0.50579353198 -0.680910639774 2.07806620519
0.743567133184 -0.561572025284 6.42284127313
0.951730511638 -0.326208416458 8.22414945263
-0.635764168623 0.579397014285 7.98969256556
0.317415551002 -0.00360856709372 7.93420381754
0.110727101875 0.438403556545 9.52419908835
-0.543090517337 0.992667832113 10.3340676086
0.949586324294 0.300651372694 11.3520158364
-0.600915098142 0.360456484863 6.99953712989
-0.855603182042 -0.938694995588 -0.260284524067
-0.484634222978 -0.0747540865214 5.17232689846
0.736545010817 0.454338139533 11.4813257301
0.4854130424 -0.149013331104 7.71117247168
-0.308130014906 -0.257922474031 4.78599758513
0.975299127472 -0.919781617175 5.32698929654
0.734062992245 0.157350817145 9.98894306246
-0.122769161621 0.45051532083 8.88426911929
-0.0266621171506 0.746846476163 10.6542460294
0.801403728023 -0.156558146253 8.6214204528
-0.44634440553 0.184700657187 6.58447006934
0.824726691233 -0.578675621989 6.58080196376
0.245933167127 0.263120440185 9.05340170231
0.466226044831 -0.736864629745 4.71435498576
0.431649929364 0.818065041331 12.3852749947
-0.64063378226 -0.524913350152 2.45353190246
0.942790188083 -0.638046094581 6.63814009134
0.708770186739 -0.0154442871039 9.0490891247
-0.505537851194 0.741499802545 9.19088545914
-0.109389489995 0.0296347078594 6.82000506931
-0.2815332612 0.18590170287 7.08490873075
-0.67295225483 -0.217836926696 3.89195860203
0.938824644671 -0.483733134598 7.39780826102
0.313473329083 -0.349619871551 6.19232062949
0.546946251373 -0.738252678563 4.9495753613
0.939642090157 -0.0924209172327 9.35682168431
-0.527899073307 -0.85300650534 1.15127025338
-0.660484189825 0.039547897112 5.21628691609
-0.325993647137 0.657766731765 9.31085271741
-0.138224952676 -0.502571454825 4.07246786785
0.234289973208 0.413554433771 9.77064208848
-0.665916184198 -0.664761567423 1.67844361029
-0.926657146133 0.472804030131 6.58404871226
0.327609055244 -0.0507382485004 7.72913592323
0.688340897938 0.6113403059 12.1217242233
0.170708728794 0.736542561027 11.1948389915
-0.588317579926 -0.776160761205 1.3542434542
-0.460500776966 -0.885826287821 1.18936623
0.0623390560021 0.87321138459 11.553074091
-0.921312918663 -0.75578017198 0.457160384111
-0.0956019434331 0.867750035056 11.051944345
-0.367687790046 0.0144696173768 5.96928471674
-0.916854281899 -0.703313598076 0.732869163923
0.973260245918 0.930237392872 14.5709677021
-0.990120038131 0.903623570846 8.54775773984
0.278239875631 0.73583658904 11.5139025721
-0.0905202887323 0.0311920571585 6.8843994196
-0.0223068394862 0.333728515092 8.601722057
-0.720697490487 -0.940052820255 0.137643427265
-0.384140116818 0.409361525473 7.89438727691
-0.596293095754 0.34686486665 6.94544504599
0.939824092215 -0.812198568421 5.75847943454
0.34520423645 -0.112499561391 7.4731149024
0.736284508755 -0.645700421105 5.98035142074
0.385251904452 0.676230579296 11.5369086098
0.889228438948 0.366496056579 11.5001655997
-0.00565047198315 0.235694480402 8.16152098606
0.737809968957 0.141219493278 9.91952737326
-0.939225880606 0.861897391014 8.49180931325
0.379053502063 0.353026771554 9.90229436396
-0.568649695205 0.317770940465 6.88290561671
-0.212271188692 0.302465954083 7.87551620434
-0.786813939384 0.315690609206 6.21801122788
0.998827451541 -0.903575922279 5.47860274323
0.954348368443 -0.186184078554 8.93212471256
0.741506900675 0.564770968117 12.0483755426
0.134032521973 0.476898418503 9.78658965843
0.757031122603 -0.191719356698 8.31249658432
-0.345933676874 0.335186771127 7.63813282502
0.615691883883 0.524570269553 11.4699269994
0.595627297717 -0.128833370374 8.14271504128
0.63566843235 -0.759581889259 5.10909585076
0.0889781959217 -0.988482679004 2.32452119275
-0.350828340199 -0.267076930257 4.61213032812
-0.207654616781 0.39093441338 8.33170821655
-0.222883797459 -0.102612754755 5.81828483385
-0.524911738251 -0.253496416741 4.15778270154
-0.545460745474 -0.853608152463 1.09557700126
0.206897186763 0.33642559711 9.30281954584
0.238980692019 -0.0730119123989 7.35188251406
-0.240428439642 0.726667299144 9.91205117679
0.0381635702724 -0.0416362447405 6.90630948711
-0.948715868387 -0.317504344748 2.5663306711
-0.239608762428 -0.202354438206 5.26940152168
0.160344738455 0.0672050934538 7.81705968263
0.215810185587 0.529766523084 10.2962631722
0.625971477432 0.436246152453 11.0591451946
0.91104739191 -0.963534834647 4.91546800249
-0.608444028633 -0.984874250044 0.250296663883
0.294949428309 0.7960610979 11.8651537744
-0.513035406847 0.854069089593 9.73123922742
-0.879465219421 0.868872053611 8.70596460979
-0.296754625521 -0.797158343102 2.12394440793
-0.0282564816273 -0.486446864559 4.48299623232
-0.430254196076 -0.385420070147 3.78213706103
0.606051795665 0.0783225533505 9.20976815375
-0.377384601688 0.220667566622 6.97118402805
0.432301348446 -0.454751998533 6.02314405267
-0.172901796949 -0.756227813326 2.70015554252
-0.637701300931 0.36223570793 6.89807463686
-0.637123304609 0.0503267673341 5.34026392284
0.418092523445 -0.786246153811 4.32304680128
0.134624439258 -0.486874432597 4.96950115479
0.925853750475 -0.0329087065602 9.61301771862
0.61198509955 0.100453084313 9.33822072021
-0.91317493429 0.266302751188 5.59198895307
0.902806684413 0.203223640293 10.7245382547
0.638377718854 0.768412926697 12.75719779
-0.543840456102 -0.575910320184 2.48892703078
0.221961977702 -0.177943060387 6.77617063117
0.679722605733 0.800046246796 13.0393990512
-0.293157241395 -0.526258882051 3.48923386556
0.561051030488 -0.450387928904 6.43121344694
0.645228637027 -0.152523492702 8.17306844757
0.335099798583 -0.808929372331 3.9606525341
0.247718649353 -0.0964646425255 7.26083273543
0.173216926351 -0.66397158451 4.1997928565
0.473747489888 0.725594155086 12.0492132451
-0.566520399818 -0.80857088896 1.25758435575
-0.952722827907 0.283943000887 5.56154652071
0.214188072178 0.0933948254281 8.10953834367
-0.536105807768 -0.218188008189 4.30074253575
0.188952670372 -0.00646628228166 7.53452659971
0.97557104043 -0.727120494887 6.29111064686
0.390289108095 -0.191362463791 7.21405500533
-0.143600770149 0.435195531316 8.74517534614
0.384872302649 0.982511987404 13.067176845
-0.743211421092 -0.791780701232 0.811462230566
0.448677634257 0.156773834013 9.12990207284
-0.45167866688 -0.841161262022 1.43915768925
-0.828683500807 0.788381749328 8.45585824422
-0.616265350563 -0.353256875769 3.38491956947
-0.546687195546 -0.290007388336 3.90990147168
-0.861152314508 0.0381195818165 4.60714096556
-0.864774872816 0.600713015645 7.40924045978
-0.532575836179 0.080023829209 5.80239163751
0.760158175123 0.301754738094 10.7892482158
0.0659155731027 -0.351332493769 5.44108425046
-0.333996173884 0.338973910396 7.69288103033
0.988278722442 0.323678379699 11.5832280658
0.11556683474 0.461301020478 9.65320560661
-0.0695887754326 -0.879715314798 2.39265709971
0.124593631756 0.915250569011 11.9500337403
-0.649394115285 0.380009781641 6.95186656235
-0.598132622682 0.0716553689462 5.56387897669
-0.806647100707 -0.0992581274836 4.08376806046
0.51232665779 -0.304856951522 7.01269521576
0.329823448974 0.590899921579 10.9439699548
0.854355638959 -0.530715836289 6.90948773543
-0.201368168381 -0.695167973339 2.92005562816
0.984967004317 0.854001935849 14.2249106922
0.0799142605611 0.684066588753 10.6600757254
0.0419159545441 0.247171376006 8.36160474366
-0.821751135768 0.510540840994 7.08745079766
-0.74457303273 0.652135260505 8.02695720434
0.564056175341 0.417489395486 10.7796155035
-0.92767923895 -0.393743288109 2.2482458426
-0.473774860178 -0.279727185057 4.18003949418
-0.824714506472 0.873915646062 8.89543471089
0.107604481425 -0.388951378684 5.37805655085
-0.206036965851 -0.10559491899 5.85391450749
0.201188666721 0.031358855393 7.76036027713
0.838783946429 -0.00607303418834 9.48598666834
0.984316029647 0.70284991549 13.4671976664
-0.582978971285 0.861190429288 9.55701523258
-0.767267204229 0.634899416982 7.87269547222
-0.238753413047 0.75594864089 10.0634829653
0.736113380215 0.611850800235 12.2675941418
0.580060872614 -0.390641721804 6.78697400882
-0.838161433897 -0.19403964247 3.51531748596
-0.652950970027 0.389902177805 6.99065797894
-0.307800546924 0.95122040172 10.8327003678
0.281944154691 0.644961127269 11.0706381004
-0.734950654516 0.724028964545 8.41529285918
0.845514381027 -0.0258761623621 9.40716233127
0.212505875502 0.529619601806 10.2856156355
-0.650322745479 0.00513215292688 5.0746925282
-0.202673944455 -0.707252015676 2.85571808826
-0.264931155417 -0.863655381229 1.8869296276
-0.948376186101 -0.72966742169 0.506534333245
0.926230223178 0.09905907179 10.2739860285
0.931644322306 -0.13500424334 9.11991175022
-0.376367733829 0.0122837256805 5.93231542691
-0.120976622734 -0.788670631477 2.69371697441
0.28165262938 -0.567923634981 5.00533971324
0.239175909796 0.300402184796 9.21953865337
-0.695950293743 -0.877300745779 0.525645389879
0.561523172137 -0.0803991524614 8.2825737541
-0.883672408989 0.98973263434 9.29764594473
-0.884438878007 0.390070457717 6.29703565456
0.967357850527 -0.521639791568 7.29387459374
-0.715501262626 -0.757230121155 1.06734560635
-0.393449704865 -0.797908377979 1.83010899551
0.384322683388 -0.87541640374 3.77588603147
0.0188442562996 0.993393707706 12.0235013074
0.627940539012 0.230438876462 10.0360159993
-0.387492758427 0.247791672583 7.07648008764
0.0540829278233 -0.147833232219 6.42308262237
-0.73857924652 0.773208430481 8.65030441285
-0.100430702357 -0.610754976358 3.64493301114
-0.264481298245 -0.171740494942 5.34785363055
0.655075791134 0.467228761123 11.301371179
0.538609787283 -0.977937471143 3.72614200613
-0.16769200364 -0.0373116967294 6.31036550543
-0.961615446354 -0.48037358251 1.71328574839
0.520579646244 -0.725780588542 4.93283599602
0.0706202629052 -0.569596255966 4.36387950889
-0.975758450712 -0.517597084801 1.48473922386
0.95174750982 0.603074223766 12.8706136483
0.919153288642 -0.0242919121473 9.63600030519
-0.780527602645 0.0959189779474 5.1380120818
-0.0912453308801 0.688714165479 10.1698348348
-0.803834838432 -0.0235177259564 4.47090685492
-0.699902670612 -0.35064814622 3.14705125706
0.474714154776 -0.0479637412625 8.18432375801
-0.248223429708 -0.21104744286 5.20009249657
-0.081106463188 0.570033087674 9.60684604881
0.78416937788 0.910669373008 13.9058549987
0.573806772511 -0.369186208504 6.87548927501
0.376269412173 -0.124793751889 7.50483947707
-0.490658755908 0.681743158852 8.93673952654
-0.923147302075 0.803523984271 8.24817801513
-0.0770450707505 0.274402953617 8.14087955583
0.318707844412 0.790235481413 11.9073009403
0.273339364334 0.22786716952 8.9593539406
-0.866695918879 0.0368160438904 4.58399246282
-0.699661998366 0.474867537443 7.27535169212
0.0244438416253 0.360455558417 8.87560931696
-0.916654198795 -0.830415967908 0.0979575640723
0.432646776125 -0.855831328003 4.01878368836
-0.857486544469 -0.97578304953 -0.45137488106
0.913002796599 0.475016718918 12.1140919844
-0.293497182996 -0.406928837425 4.08486426389
-0.300593540508 0.549307062362 8.84475469029
0.322741222141 -0.629608864265 4.8201793451
-0.651781329332 -0.803208700573 1.02861250914
0.320605439403 0.528745324443 10.6055429404
-0.46990714335 -0.958110077938 0.799728180259
-0.835656665047 0.93572006969 9.17163035331
-0.409110445045 0.538446295676 8.46490014325
0.249327137709 -0.236120720694 6.56737780965
-0.588625475609 -0.757227163681 1.44798775477
0.230025936078 0.549267561276 10.4364156146
0.287808507082 0.0606042664983 8.16644685374
-0.916097553137 0.936977555189 8.93659511653
0.597428383309 -0.414355926598 6.72050551694
0.959940658718 0.203763179273 10.8986378725
0.164845316414 0.496146358859 9.97526774354
0.62353957618 0.312957214663 10.4354048019
-0.743808507268 -0.323464988011 3.15124953814
0.856167280652 -0.550768776312 6.81465796039
-0.255665952325 -0.135846234112 5.55377097247
-0.121190020611 0.225879164989 7.76582576311
0.886151675489 -0.518614576335 7.06538214479
-0.756997247398 -0.60505902028 1.7037131564
0.773849800419 0.29162162531 10.7796575278
-0.428186421522 0.631893877937 8.87491012512
0.722739992727 0.693028677381 12.6333633651
0.837853067279 -0.495517959653 7.03596940357
0.510083857493 -0.0789210054517 8.13564654522
0.68399710578 0.456981354323 11.336898089
0.552894892999 0.312323675362 10.2203030558
-0.645142461061 0.0900538377939 5.51484180579
0.969339479049 0.874776132994 14.2818991021
-0.913652528406 -0.670370368541 0.907190572076
-0.736542453091 0.451959819971 7.05017174058
0.635570659714 -0.572977267379 6.04182564225
0.0117053859037 0.681406056022 10.4421464378
0.465603089533 0.0844744109837 8.81918132352
0.180695380918 0.0167210938326 7.62569161192
-0.404903097362 0.130043985718 6.4355106365
0.3777706041 0.746645831722 11.8665409709
0.272582707958 0.522243074086 10.4289634943
-0.679856730091 -0.0768850511604 4.57600455393
-0.981336760346 -0.506642270957 1.52277836418
0.452923430226 0.983619902699 13.2768698042
-0.801643800826 -0.197011368277 3.61001175614
0.600141937398 -0.591928730742 5.84078215848
0.110169898605 0.466142592059 9.66122265611
0.23197090052 -0.623950530769 4.57616004772
-0.289230862629 0.567583568971 8.97022525697
0.108453028264 -0.989540772914 2.37765522022
0.521981520056 -0.92937729012 3.91905810957
0.491467565462 -0.59503887967 5.49920829804
0.916146960239 -0.264118497396 8.42784839374
-0.346136767324 -0.702223899335 2.45047020135
-0.38879156902 0.753301523656 9.60013291122
0.992668675254 -0.263380938986 8.66110133083
-0.102778738091 0.444141876405 8.91237316775
0.77239156093 0.186088668374 10.2476180247
-0.216948603644 -0.174756318303 5.47537259755
0.391236292994 -0.993563472791 3.20589151502
0.23917867492 -0.289013979117 6.27246612917
0.588394662554 -0.814018720354 4.69509038589
0.176404533897 -0.0380542202278 7.33894250055
0.28465105181 -0.870292811034 3.50248910026
0.159967574856 0.122969175919 8.09474860416
0.121320188832 0.206975333193 8.39883723246
0.352935874453 0.609977999362 11.1086976202
-0.460358559744 0.65009882036 8.86941842257
-0.00348863547309 -0.845883441731 2.76011688492
-0.882898141512 -0.331523362608 2.69368876242
0.569793954223 0.415361869482 10.7861912101
0.577229929345 0.0345381128832 8.90438035245
-0.119602004089 -0.705094946587 3.1157192548
-0.343614492781 -0.131961267652 5.30935018339
-0.822799140641 -0.558776094578 1.73772210519
0.196450588127 0.471326228478 9.94598290677
0.996695022786 0.866226662687 14.3212183818
0.28513039907 -0.157503893412 7.06787173015
0.272354729416 0.57130323616 10.6735803691
-0.763327618153 -0.180190220607 3.8090660425
0.679604571271 -0.232334096134 7.87714323314
0.143744542454 0.175538721724 8.30892723599
-0.631047493733 -0.275529116695 3.72921193532
-0.330977422516 -0.947606582936 1.26903481777
-0.951616472217 0.663394087352 7.46212102011
-0.453858380054 0.0361575324776 5.81921252223
-0.402548852822 0.881358490231 10.1991458927
-0.481406482268 -0.140686374522 4.85234868058
0.745460500969 0.683867133584 12.6557171708
-0.627797164307 0.605286619591 8.14304160503
-0.0836262265242 -0.0340622558293 6.57881004128
-0.733040055168 -0.838796972486 0.606894972067
0.455878613948 -0.0070776952894 8.3322473654
-0.12629859477 0.459016457305 8.91618650222
0.531025797982 -0.682183664661 5.18215907064
0.220450298955 -0.729291835445 4.01489171964
0.502750172058 0.313910312534 10.0778020788
0.913229242167 -0.862083967287 5.42926789006
-0.885890557697 -0.435625850614 2.16419907384
-0.476588632528 -0.506042401856 3.04002209314
0.812509161042 -0.500907600301 6.93298948162
-0.456100547743 0.518796524836 8.22568098095
-0.100520315099 0.55342111391 9.46554462426
-0.869267684871 -0.0248576126532 4.26790888212
-0.932772799633 -0.874693593089 -0.171786364347
0.812874906689 -0.721509257765 5.83107843124
0.0648413645504 -0.177808794799 6.30548011966
-0.305313347482 0.799666691375 10.0823934144
-0.956353206449 0.327579372351 5.76883724241
0.926788868427 0.120336366924 10.3820484399
0.873644924066 -0.895484241428 5.14351356506
-0.162413361852 -0.479684418076 4.11433782407
0.461641929961 0.962594180994 13.1978966949
-0.486939875112 0.308349202948 7.08092638941
-0.603804734481 0.130660509143 5.84188834227
-0.0721350266233 0.944010659263 11.5036482164
0.217054545393 -0.300987255826 6.14622735705
-0.771808430224 -0.69750634253 1.19704299668
-0.549366140098 -0.498066677319 2.86156819311
0.701232115682 0.122445576565 9.71592422987
0.0467818227487 -0.770462256262 3.28803418694
0.720279386699 0.445628606417 11.3889811922
-0.8646632762 0.41567019446 6.4843611437
0.0870764346853 -0.836549308506 3.07848276152
-0.0833987169427 -0.0306074257399 6.59676672047
-0.668450919673 0.891396294001 9.45162871098
0.699950742961 0.338044674658 10.7900756022
-0.0754088779988 -0.176468916831 5.89142878185
0.301946934302 0.0908637388138 8.36015949697
-0.875453788236 0.0250052975407 4.49866512299
0.612807234466 -0.0815202448061 8.43082047937
-0.896086844891 0.572556398768 7.17452145917
-0.597272435728 -0.482758330224 2.7943910417
-0.670587293135 -0.339569870257 3.29038876931
0.513503011377 0.0387717190079 8.73436762917
-0.590237451699 0.755660156304 9.00758842642
0.759163709903 0.741156850092 12.9832753802
-0.522407577237 -0.097521311638 4.9451707101
0.969979312282 0.54402495262 12.6300626999
-0.945665157549 -0.869590817479 -0.184949560042
-0.0721372463753 0.818440411723 10.8757903195
0.0774035959054 -0.00437498393142 7.21033586806
-0.789052600087 0.313560209449 6.20064324698
0.6442063212 -0.239159984985 7.73681903868
0.551223701851 0.928953307802 13.2984376446
-0.592467081745 0.0466592623895 5.45589506671
-0.425724083831 0.585708838068 8.65137193885
0.155186731762 0.269164835101 8.81138437079
0.595828319232 -0.208059054675 7.74718968432
0.830180136814 0.0660577344923 9.8208290829
-0.684090354329 0.391798236338 6.9067201187
0.586522700877 -0.366476645865 6.9271848733
0.714358513998 0.812286509532 13.2045080897
-0.446191025244 0.96704294543 10.4966416514
-0.718576943902 -0.595968663195 1.86442585232
-0.631550321524 0.787979420016 9.04524613551
0.30858510465 -0.695791433555 4.44679814617
-0.119353163263 0.23059605014 7.79492076091
-0.833071830021 0.764832736815 8.32494819401
0.607207070883 0.0104135471533 8.87368894842
0.934253230518 -0.16447804145 8.98036948431
0.968220638073 0.335839997607 11.5838619023
0.269342546508 -0.668090209408 4.46757659248
0.763855516609 -0.145020624159 8.56646342903
-0.675533188435 -0.974784960048 0.0994756344525
0.119511367277 0.0547992442454 7.63253032306
0.438707244738 0.780516106036 12.2187022644
-0.841186830714 0.462992980681 6.79140441126
-0.625176111805 0.716354106314 8.70624219616
0.638127027723 0.0815875099711 9.32231863303
0.420485597247 -0.371299773633 6.40495792358
-0.0576642021344 0.643273795421 10.0433763707
-0.0814696056536 -0.284403469349 5.33357383629
-0.0115751054994 0.656498504874 10.2477672079
-0.329583905258 -0.652476813729 2.74886421558
0.424028040662 0.651956425416 11.5318662491
-0.798725042953 -0.520251774488 2.0025659987
-0.716056020478 -0.304117176836 3.33124605439
-0.0992980421892 0.497652673927 9.19036924307
0.302295169763 0.241857134957 9.11617118407
-0.295250106781 0.68289510617 9.52872521051
-0.0574256652037 0.95820987603 11.6187723845
0.268284276591 -0.747470516871 4.06750024542
0.352355124151 -0.349791969137 6.30810552677
0.372654393372 -0.860717703675 3.81437466174
-0.650237125648 0.711474517812 8.60666121211
-0.545640885953 0.674082250486 8.73348859457
-0.441447823091 0.285763820117 7.10447563131
0.38830114702 0.0253095062901 8.29145097251
-0.389378646607 -0.574711247258 2.95830782389
-0.933621290875 -0.392107197519 2.23860013978
0.306325581063 0.876609636897 12.3020249277
0.742408964526 0.532129553071 11.8878746589
0.576894686507 0.329969806952 10.3805330943
-0.479426284868 0.814390061412 9.63367145245
0.341464623812 0.120881261961 8.62880018124
-0.778021061573 -0.105888912387 4.13649225335
-0.0792834575961 0.729127219045 10.4077857224
0.0932964403756 -0.239198902059 6.08389481083
0.953600657021 -0.778558813347 5.96800790433
-0.154903143376 -0.915950649657 1.95553732159
0.479808241534 0.836153104398 12.6201902466
-0.439925340899 0.716683353598 9.26364074529
-0.415563539076 0.821540323288 9.86101099921
0.507923807194 0.609813553683 11.57283919
-0.963986888799 0.925620714148 8.73614290434
0.453341984141 -0.390497809228 6.40753690628
0.658789329718 -0.43695760317 6.7915799733
0.745507679132 -0.774839219176 5.36232694152
0.407371954922 0.0813969532898 8.62910063121
-0.806931059609 -0.516212343482 1.99814510376
-0.975191927445 -0.062464069071 3.76210387231
-0.39746947848 0.196714968596 6.79116640754
-0.405524384583 -0.400161776986 3.78261796132
0.486386397463 -0.903714328043 3.94058755217
0.805789990384 0.704527748782 12.9400087151
0.335609366453 0.186443140215 8.93904380043
0.784604996279 -0.629339640943 6.20711678413
-0.842061675618 -0.520979660181 1.86891667224
0.5891565574 -0.930659466547 4.11417233947
0.165613670167 0.990875032383 12.4512161724
0.711392187675 0.0428913780872 9.34863345346
-0.872718181427 0.662747028771 7.69558059958
0.197957016354 -0.770134005881 3.74320101966
-0.812285430353 0.819253638873 8.65941190331
0.338400525876 0.658573598634 11.3080695708
0.757957800565 0.143544704097 9.99159692218
0.0348927035101 -0.139145179358 6.40895221374
-0.366106824418 -0.130808078283 5.24763913533
0.54775931146 0.20384686203 9.66251224453
0.78504657991 -0.113239971242 8.78893988352
0.214179157438 0.262615106184 8.95561300323
0.183394324613 0.405267546171 9.57652070469
-0.52513306325 0.0247275550916 5.54823858571
-0.791550394383 -0.23097734471 3.4704620933
-0.0246658627575 0.304448519091 8.44824500718
0.901062105172 0.201302133097 10.709696981
0.487187832353 0.0125321189904 8.52422409201
0.268208062753 -0.858135567732 3.5139463496
-0.491216838316 -0.27629381359 4.1448804171
-0.055013289987 -0.908702508995 2.29144758506
-0.719951804893 -0.446371384417 2.60828766323
0.943065381802 -0.337305985794 8.14266621644
-0.0359178837758 -0.607804574523 3.85322347606
0.221560142152 -0.438633568968 5.47151258161
-0.586014843123 0.033145256892 5.40768175509
-0.988988401679 -0.984671934702 -0.890324878545
-0.561862381796 -0.926557274998 0.681626479619
-0.783948491739 -0.322278701322 3.03676101817
0.60517135916 0.144097286739 9.53600051117
0.0253354519128 -0.413022353584 5.01089458782
0.863507438866 -0.205969917526 8.56067272897
-0.825814466408 0.234133032236 5.69322176195
-0.772323213047 -0.309553714397 3.13526178888
0.0148238774356 0.74844504937 10.7866968792
-0.0129068393198 0.404517532063 8.98386714236
0.985633677998 -0.737021760204 6.27179223297
-0.450536948961 -0.210847848805 4.59414990909
-0.156343642922 -0.177957849469 5.64117982389
0.815222005113 0.428065288934 11.58599246
0.215810428181 -0.381254564274 5.74115846317
0.647580768443 0.91012102297 13.4933474202
0.6423965651 -0.996869789617 3.94284074722
0.272802740367 -0.897729237116 3.32976203552
-0.484785559333 -0.880950599304 1.14089032548
0.207590905899 0.373179826985 9.48867185262
-0.771024723868 -0.23232223391 3.52531465885
-0.0875269820889 -0.261893956478 5.42794927134
-0.75794999903 -0.162104419625 3.91562790479
0.502356095617 -0.857984670933 4.21714493218
-0.839639971836 -0.290457416328 3.02879300285
0.883451423238 0.337145293446 11.3360807369
0.357339913345 -0.276160018324 6.69121964841
0.187321582417 -0.979737631945 2.66327658753
0.272192092819 0.826573895152 11.9494457542
0.22514693669 0.747397186933 11.4124267447
0.447946110932 -0.758883167193 4.54942249683
0.804906614572 -0.867112311288 5.07915828727
0.0679349450955 -0.715725752413 3.62517607322
-0.976586778538 -0.155931479745 3.29058226566
-0.409918584692 -0.0279990124048 5.6302491839
0.154399773469 -0.912521855382 2.9005900435
-0.753993409753 0.117284792901 5.32444373525
-0.313665293655 0.458346975099 8.35073899453
0.304583297184 0.69120872598 11.3697935215
0.384985653338 -0.14013784522 7.45426773392
0.345933244789 -0.449237651489 5.79161147692
-0.387373002444 0.577970319842 8.72773259188
-0.107160967197 0.596760681037 9.66232050359
0.644844747337 0.715124675323 12.5101576186
0.833270471682 -0.138029558973 8.80966362018
-0.362266363358 0.164397493188 6.73518837587
-0.257655153125 0.2021483336 7.23777620863
0.411171725288 0.376810036984 10.1175653608
-0.25089422596 -0.666279596602 2.91591933911
-0.138941323076 -0.714811711836 3.00911747159
0.780194070368 -0.308245078524 7.79935681848
-0.691080505553 -0.949104480188 0.181236082397
0.291644772573 0.273804634909 9.24395749227
-0.318791666837 -0.856576222305 1.76074388796
-0.18074221021 -0.377565009873 4.56994832001
0.35424127947 0.211558498905 9.12051633294
-0.270812543605 -0.56421489149 3.36648791174
0.976071932311 -0.0919967576078 9.46823200889
0.37654847156 -0.718894064843 4.53517509047
-0.0288206006812 -0.944926560261 2.18890539665
0.0109102358209 0.928034814235 11.6729047786
-0.231586574028 -0.92200797485 1.69520040366
-0.938088418161 -0.224026480106 3.06560234498
-0.679950127074 -0.953295807344 0.193670582061
0.5124272279 -0.0829539822362 8.12251177252
-0.421510456055 0.800166366033 9.736300462
-0.767722079599 0.911837657911 9.25602205076
-0.372066565245 0.776807344617 9.76783702735
0.205885752959 0.653414719483 10.8847308563
0.968026326421 -0.423189124363 7.78813335745
0.922270970815 -0.221036210195 8.66163186147
-0.228976190526 -0.319225791491 4.71694247097
0.0828152146952 -0.691709913643 3.78989607587
0.107422970716 0.08340962482 7.73931703625
0.52380362521 0.667299923875 11.907910495
-0.119117299375 -0.395333501297 4.66598059539
-0.481330205366 -0.61075232659 2.50224775095
-0.884704835602 -0.315104042331 2.77036528154
-0.459504615738 0.932834771733 10.2856600114
0.1154176525 -0.305445921939 5.81902334781
0.160935201987 -0.721606597309 3.87477261942
-0.111912501596 0.252468642842 7.92660570942
-0.0222043364151 -0.196442398691 5.9511749973
0.987696777799 0.760629524298 13.7662379549
0.246811916319 0.138754722365 8.43420936078
0.241320959649 -0.597375784355 4.73708395717
-0.209724513471 -0.921080934218 1.76542178849
-0.0489079250263 0.0860491679153 7.2835220645
-0.544500527794 0.928057694331 10.0067868883
0.818909221874 0.444286470912 11.6781600202
0.0667732575307 0.739938319295 10.9000113691
-0.738695312353 0.58101958855 7.68901200569
-0.750358372066 0.588421325099 7.6910315093
-0.448464863497 0.754181162036 9.42551121969
0.888084187651 -0.70240806119 6.152212257
-0.0746487898692 0.961974756325 11.585927412
-0.0331851280537 0.727095045029 10.535919841
0.177463044263 -0.249340184161 6.28568821198
-0.428432888948 -0.593553817828 2.74693224402
0.523596382755 -0.226918986354 7.4361942165
0.0225509244015 -0.0153490399976 6.99090757322
0.154558058466 0.731154291249 11.1194456316
0.961478687167 -0.184831582852 8.96027814724
0.655037844213 0.529055589309 11.6103914792
0.147057902911 0.912094287224 12.0016451449
-0.599050968943 -0.781471579381 1.29548919627
0.707923933911 -0.121700366733 8.51526996807
0.693937708414 0.786180410391 13.0127151772
-0.875084812762 0.766929525972 8.20939319158
-0.103361889261 0.0208649780085 6.79423922226
0.253185022186 0.85276521346 12.0233811339
-0.96176781114 -0.0463130633644 3.88313124976
0.375444084861 0.445413915396 10.3534018316
0.385064863074 -0.731129741184 4.4995458833
-0.401208823257 -0.282568949166 4.3835287844
0.608874415359 -0.442480255171 6.61422197022
-0.578590072266 0.914896038076 9.83870997358
-0.982273429773 0.995641711364 9.0313882675
0.353642597715 0.656938598898 11.3456207876
-0.410761207308 -0.971369444666 0.910869154748
0.475739037123 0.668289194001 11.7686630814
0.480952263907 -0.714299425398 4.87135966473
0.506855844514 0.537845564215 11.2097953546
0.31708103134 0.532231865591 10.612402422
0.691842879355 0.227208228475 10.2115697804
-0.822790572061 -0.0247443806656 4.40790638049
-0.844701330657 -0.184913937935 3.54132631835
-0.185787021749 -0.86798031172 2.10273737616
-0.302358932061 -0.778003802417 2.20290419173
0.616470420018 0.895376051929 13.3262915197
-0.855367049484 0.910230414583 8.98505092446
0.0451531986735 -0.400868644092 5.13111637556
-0.846275849448 0.00124853614084 4.46741513236
0.589031088981 0.414172954533 10.8379580396
-0.899547977072 -0.854196329264 0.0303744224629
-0.194253434735 -0.409419011904 4.37014463628
-0.535231353888 -0.437991002183 3.20435092742
0.606965486594 0.858456107264 13.1131769961
-0.189794610945 0.812222004265 10.4917261885
-0.357008597504 -0.0471260273124 5.69334407093
-0.547942004368 0.280952084352 6.76093440865
0.95796223035 0.206986192087 10.9088176515
-0.284371831773 0.295634891981 7.62505896459
-0.754158643069 0.777318160531 8.62411487345
0.00616790155967 -0.101300515921 6.51200112508
0.171729576907 0.249567725579 8.76302735862
-0.856448387547 0.365234442447 6.25682704959
-0.516136639369 0.427905265013 7.59111640696
0.645069588768 0.607917015105 11.9747938418
0.105001934816 0.0403397846215 7.51670472755
-0.714248077321 0.550692300806 7.61071727207
-0.457181239107 -0.00660915436411 5.59541051086
-0.431451814145 -0.732343274001 2.04392818756
0.259115393783 -0.891335930354 3.32066652958
0.497290468252 -0.364826409478 6.66773935737
-0.999730613991 0.0222582784745 4.1120995504
-0.906296182945 -0.447660884358 2.04280702937
0.413952974911 -0.874620756756 3.86875514095
0.678676984712 -0.992360154683 4.07423018072
-0.506352261596 0.481808112304 7.88998377673
-0.367459700541 -0.796215223868 1.91654477904
-0.279532162399 -0.459213427231 3.86533637665
0.685423804321 -0.37330416483 7.18975058881
0.577864943552 0.783744289621 12.6523162788
-0.132365160847 0.819886287709 10.702335956
-0.245363892074 0.92815683298 10.9046924887
-0.821420950949 0.374038533006 6.40592981219
-0.0123719190861 -0.224702389089 5.8393722973
0.265423757497 0.407714183269 9.83484218883
-0.991273460699 -0.666093822506 0.695710505374
0.426092101269 0.332770827156 9.94213043959
0.932095010257 0.522075580502 12.4066629333
0.901545415463 0.40508100307 11.7300412617
-0.403895582721 -0.789270155498 1.84196247435
0.56364772669 0.288298442952 10.1324353948
-0.903627975213 -0.279899068198 2.88962073337
0.913599630969 0.000802291420402 9.74481035001
-0.134541727961 -0.0846007896814 6.17337086771
-0.58223455199 -0.26258565827 3.94036805268
-0.260373488026 -0.895289959625 1.7424297378
0.535135257036 -0.166991136192 7.77045009015
0.644359773633 0.70069600224 12.4365593321
-0.576011890603 0.31470696434 6.84549914989
-0.055436391674 0.760313475843 10.6352582042
-0.568518641647 0.35562640062 7.07257607816
0.215504244505 -0.409397044856 5.59952750923
-0.726798192698 0.303279520955 6.33600302668
0.477194916265 -0.368745312473 6.58785818643
0.289665208045 -0.209738184777 6.82030470025
0.426413766565 -0.601569450212 5.27139404864
0.780430005272 -0.425180807069 7.21538598047
-0.264428024488 -0.883816095839 1.78763544734
-0.776975575357 0.0317238054247 4.82769230105
-0.464814646544 0.670960451484 8.96035831779
-0.97061322269 -0.241811902656 2.87910081865
-0.325308906462 -0.961344738165 1.21734958979
-0.751263201999 -0.172714650163 3.88263714319
-0.0142708311051 -0.19142050549 6.00008497923
0.0618753568242 0.190263349811 8.13694281953
-0.980152357744 -0.071809681093 3.7004945213
0.926998481775 0.0380645602591 9.97131824662
0.355084534918 -0.376272284166 6.18389218392
0.547982756306 0.545842963752 11.3731630877
0.0425920953083 0.952027646558 11.8879145187
-0.748899570475 -0.966104670221 -0.0772220625283
0.540316423514 0.61431107473 11.6925046442
-0.759585541759 -0.468834334083 2.37707170431
-0.964895273267 -0.413382778439 2.03840028801
0.546283747837 0.0359210554252 8.81845652064
-0.303808813663 -0.256521410187 4.80596650807
-0.997292748569 -0.40039894487 2.00612702995
0.292917483276 0.948388887633 12.620696888
0.694121653968 -0.952810070709 4.31831460836
0.79712120935 0.566396826597 12.223347761
0.560752247142 -0.0840084819929 8.26221433146
-0.203989414091 -0.394168542334 4.41718904606
-0.868610282091 -0.543529273013 1.67652278866
-0.506792730044 -0.0318458605796 5.32039250697
0.494888813193 -0.0523803432041 8.22276472356
-0.884311101106 0.915579601976 8.92496470657
0.885448638188 0.570379086297 12.508241346
0.982655803128 0.0889646656005 10.3927907374
0.925536700506 -0.848789918766 5.53266050769
-0.268638503477 -0.549237463986 3.44789716964
-0.608333831731 -0.718394102215 1.58302799373
0.244827283132 0.562643711495 10.5477004069
0.156596798841 -0.706074580824 3.9394174924
0.622247539867 0.271909414327 10.2262896912
-0.223668587746 0.348260591072 8.07029719212
-0.480190041514 -0.309615583012 4.0113519604
0.834971686264 -0.418990988657 7.40996011551
-0.0600234636841 0.780282274792 10.7213409829
0.415442700535 -0.875593547671 3.86836036325
-0.705393911442 -0.984316818456 -0.037765826607
0.261843580458 -0.104653149179 7.26226499548
-0.731450298195 0.915868242114 9.38499031598
0.0593194478912 -0.516213411774 4.5968912848
0.00120714230942 0.35924066547 8.79982475428
-0.847521564053 -0.450592369904 2.20447345832
0.613930981768 -0.0806702591947 8.43844164933
0.0931542840646 -0.134367995581 6.60762287429
-0.912200114714 -0.66850044036 0.92089745406
-0.108916722516 -0.581629069184 3.76510448653
-0.900041942681 0.687299328104 7.73637081248
0.962385058328 0.586285747993 12.818583915
0.707569843409 -0.516045739366 6.5424808334
0.921253951026 -0.606148591093 6.73301889761
0.902859620724 0.989638587932 14.6567718018
0.423445611492 0.962287463584 13.0817741524
0.139079559134 -0.480916433648 5.01265650916
-0.126008228669 0.187121870758 7.55758466778
-0.853836875946 0.244686529234 5.66192201833
0.962355673525 -0.619784700433 6.78814351841
0.585190232577 0.815797587559 12.8345586355
0.88740318564 0.920271208811 14.263565601
0.0429192774429 0.954615815983 11.9018369122
0.514620414269 -0.676657127526 5.16057560518
-0.0461997870641 0.436662350744 9.04471239253
-0.505319368362 0.281230367098 6.8901937304
0.333200958093 -0.674600512383 4.62660031237
0.130170624906 0.543253821957 10.1067809845
-0.00220867092812 -0.975793766448 2.11440515498
-0.981923061841 -0.28594131206 2.62452425418
0.852388136864 -0.542646440793 6.84393220663
0.268727377743 -0.555848258613 5.02694084016
-0.356660020681 0.696084179203 9.41044083397
0.45772288454 -0.809201445374 4.32716142675
-0.142595958027 -0.941660472709 1.86390976237
-0.038219706794 0.324868023402 8.50968099663
-0.762994752804 -0.422230122182 2.59986513068
-0.204326748996 0.839062049312 10.5823299996
0.986510030846 -0.910177402009 5.40864308249
0.522015846991 -0.256551867195 7.283288205
-0.215083627541 0.508529946694 8.89739885085
0.836852864291 0.901857189005 14.0198445379
0.154245172077 -0.285757681399 6.03394710923
0.575098171718 -0.497997233475 6.23530834778
0.128148057667 -0.28284307695 5.97022878825
0.313262147416 -0.519202174213 5.34377557118
-0.61681410853 0.836478173351 9.33194854116
-0.796392634101 0.0119158154699 4.67040117505
-0.558294434074 -0.922140073349 0.714416331035
-0.927962363417 -0.649556455788 0.968330630807
0.733540709012 -0.435042512046 7.02540956681
0.900918341151 0.163244585978 10.5189779533
-0.126771620462 0.160177669339 7.42057348531
0.0333967704525 0.517552507515 9.68795284893
-0.435007868054 -0.293899216799 4.22548031184
0.788188605067 0.892913026301 13.8291309467
0.785116454973 -0.161104012085 8.54982930449
0.560731006014 -0.0473285333978 8.44555035105
-0.0049202957078 -0.590639781885 4.03204020345
0.182260606517 -0.627728204493 4.40814079708
-0.336870601866 0.71006040324 9.5396902106
-0.585848381578 -0.857683429653 0.954037706999
-0.861984814774 0.881569041006 8.82189076071
0.0138408759237 -0.181175856366 6.13564334594
0.621757162016 0.671651855821 12.2235307652
-0.335617933769 0.387236114948 7.92932677343
0.542245631704 0.309301373732 10.1732437638
-0.6968098504 0.751766167034 8.66840128397
0.078189105472 -0.43505514726 5.05929158012
-0.149543629125 -0.924857819202 1.92708001662
-0.744266397555 0.531093501032 7.42266831249
-0.999976730489 -0.166868343035 3.16572809336
0.0450203621712 -0.890731159998 2.68140528652
0.946156325945 -0.547749337501 7.09972229033
-0.391602560727 -0.39211497549 3.86461744037
-0.539166675765 -0.997052355827 0.397238193567
0.458689588176 0.933690999599 13.0445237625
-0.55141303343 0.326094383607 6.97623281774
0.483792653917 0.696850758181 11.9356317527
-0.154741605973 -0.394138188719 4.56508423849
-0.349409731954 0.425242666197 8.07798413512
0.633558933011 -0.636772064487 5.7168164766
-0.258117983684 0.803880393498 10.2450480164
0.613387039389 0.969716805525 13.6887451458
0.508496519364 -0.213609597944 7.45744156837
0.181275667989 0.322028508495 9.15396954644
-0.843088367366 0.0889939182077 4.91570448894
0.418641656945 -0.665357391998 4.92913801085
0.561263434851 0.167545561028 9.52151810969
0.904443571395 -0.915155403586 5.13755369625
-0.469347724889 0.2031077586 6.60749561833
-0.406880175588 0.428848328142 7.92360111395
0.518010565044 -0.794968071867 4.5791913358
0.0277089284135 0.0177811111821 7.17203234115
-0.261438459569 0.865849725139 10.544933247
0.655012639746 0.394418763819 10.9371317383
0.42865327147 -0.0765677123738 7.90312125254
0.841989042193 0.389190854507 11.4719213991
0.457962123312 0.723381807575 11.9907954078
-0.451856821316 0.614141807733 8.71513857472
-0.609518794087 -0.30931609551 3.62486314019
-0.32877909146 0.957050936778 10.7989174095
0.713074447496 0.402339723181 11.1509219584
0.454113523231 0.124145588805 8.98306851372
0.894181334217 -0.00748249423528 9.64513153147
-0.23896458026 -0.673929326137 2.91345962854
0.572411304522 0.468887864151 11.0616732343
-0.231289922952 -0.949613172082 1.55806437074
0.677994655436 -0.977164033092 4.14816380085
0.407399559258 0.940514219452 12.924769775
-0.124677343704 -0.530053190008 3.97570201885
0.409742020087 0.634256284031 11.4005074804
0.0928606321557 0.934070550512 11.948934649
-0.896662556684 0.00959119660906 4.35796831299
0.436907894645 0.725280942298 11.9371283954
-0.641488776184 0.600006963527 8.07556848908
0.105414151437 -0.20689263602 6.28177927421
-0.736569942842 0.730591517818 8.44324776056
-0.685453583641 -0.380424281582 3.04151784117
-0.419908936075 0.742828068382 9.45441353368
0.345405988418 0.593362794383 11.0030319372
-0.499064202415 0.249748199214 6.75154838882
0.143491966287 0.665660753577 10.7587796667
0.812174120963 -0.975686457045 4.55809007766
0.348039838118 -0.896328401761 3.56247750555
0.0977173301547 -0.424734541913 5.1694792809
-0.386446800956 -0.294082993095 4.37024463166
0.242584898099 -0.331900068662 6.06825435099
0.465398101181 -0.190945228852 7.44146815928
-0.86329359938 0.567519684968 7.2477176267
-0.428483350815 -0.134466240801 5.04221874355
0.370887766444 -0.335087685703 6.43722487082
-0.886828687707 -0.252157905974 3.07872440701
0.888897165389 0.283468794597 11.0840354692
0.342958297334 0.264564307275 9.35169642838
-0.602015722081 -0.163332271795 4.37729147478
0.501879596727 -0.797254204894 4.51936776571
-0.444294447821 -0.447361783068 3.4303077412
-0.135962144811 0.960737481884 11.395800975
-0.864994906632 0.0374019887612 4.59202522391
-0.641270635976 0.941353090819 9.78295354617
-0.773392990545 -0.192797995277 3.71583105198
0.475769969669 0.409108856055 10.4728541893
-0.154542726212 -0.306951664095 5.00161350089
-0.204775242894 -0.471447473683 4.0284369029
-0.589334122586 -0.0339206048822 5.06239460783
-0.462932487865 -0.425076670205 3.48581918538
0.313512126949 0.9370746634 12.6259096978
0.207274401119 -0.84604106587 3.39161787401
-0.848832772292 0.902846441691 8.96773389158
-0.405418419385 -0.815866027835 1.70441460267
0.198089174301 0.247297556581 8.8307553058
0.297009640237 -0.465195944285 5.56504919929
-0.969778631571 0.930030738909 8.74081779983
-0.498213908618 0.352052576105 7.26562115467
0.413259739757 0.220014834159 9.33985339007
-0.374185211573 -0.457807492472 3.58840690292
0.195336565405 0.732191267223 11.2469660323
0.893467457847 -0.788188391192 5.73946041758
-0.690342774805 0.889472517566 9.37633426342
0.47307045667 0.76598764966 12.2491496183
-0.594734731729 0.175171742219 6.09165451591
0.402279188835 0.360223770894 10.007956421
-0.183696618267 -0.969210216617 1.60285906211
0.165852113609 -0.493796921641 5.02857173262
-0.0994915077142 0.915162030168 11.2773356277
-0.201929364715 0.679603213329 9.7922279725
-0.622918788501 0.34492099605 6.85584861475
0.954013908878 -0.796213798254 5.88097273536
-0.983360115546 -0.132834414735 3.38574757969
-0.814749033897 0.496768699352 7.03959639507
0.829097327697 -0.131958054582 8.82750171018
-0.482576715689 -0.131193361987 4.896303043
0.4468956357 -0.981891676839 3.4312285229
0.178907978969 0.226583369775 8.66964078578
0.275376493792 -0.515955840038 5.24635028118
0.428105446756 -0.817217027336 4.19823120359
-0.601459327066 0.754940093309 8.97032248535
0.477446301453 -0.972508891977 3.56979444447
-0.50324747926 -0.571187034014 2.63432239215
-0.458387343926 -0.50488045944 3.10043567102
-0.874947408514 -0.0821189668064 3.96456294043
0.465466949572 0.213463449435 9.46371809589
0.345743337196 -0.837701642928 3.84872179695
0.902981420354 0.676983667686 13.0938625995
0.610180636991 0.645967610084 12.0603799614
0.865421016266 0.0885079322274 10.0388027099
-0.599435964265 0.233567215705 6.36952818573
0.485762987336 0.475834786708 10.8364628955
0.0428980483338 -0.863082561333 2.81328133834
-0.25777412314 0.841533216927 10.4343437152
0.168897819515 0.0766638865114 7.8900128911
-0.462292971236 -0.263102160167 4.29761028546
0.790692178306 0.332926095054 11.0367070102
0.574774053505 -0.0913091538647 8.26777639119
0.260494438912 -0.503232782514 5.26531940417
0.410921660567 -0.144797332593 7.50877831873
-0.114908970371 0.298644649154 8.14849633466
0.872561242938 -0.871987306783 5.2577471949
0.649486474694 -0.415233779176 6.8722905282
-0.112161090987 -0.95617334245 1.88265001479
-0.397907844331 0.00526248526026 5.83258889331
-0.887647845305 -0.0178085412337 4.24801375792
0.854221257717 -0.789213563784 5.61659595423
0.528881456151 -0.180657893248 7.68335490221
0.310347429049 -0.47952680403 5.533408267
-0.681015474917 -0.679074771458 1.56157971796
-0.859016108714 -0.628706590198 1.27941872287
0.328438769978 0.763381223687 11.8022224284
0.628251371182 0.370268619749 10.7360972123
-0.779136273178 -0.421625107408 2.55446564343
-0.380386249355 -0.500086107205 3.35841071591
0.0300113194194 0.0711076297593 7.44557210706
-0.286228049658 -0.292421682527 4.67920743839
0.657111195812 0.578585696639 11.8642620706
-0.384408336639 0.827576887747 9.98465942882
0.905630034005 -0.34651491594 7.98431552232
-0.291150102414 0.0112683068439 6.18289122698
0.882241625067 0.752638866285 13.4099192066
-0.794864074833 -0.214538513457 3.54271520822
0.1067423795 0.00626494510308 7.35155186401
-0.612273864126 0.717633542336 8.7513461193
0.353881565994 0.675816749704 11.4407284465
0.717528558699 0.496711707331 11.6361442128
-0.121578797501 0.221093510031 7.74073115765
-0.679269187761 0.34729083495 6.69864661147
-0.641493488521 0.38789918102 7.01501543954
-0.540803678492 -0.7648973997 1.55310196603
-0.669431019714 -0.996015729562 0.0116282930484
0.437479235707 0.464802098117 10.6364481977
0.0298666998265 -0.677274397889 3.70322811003
-0.832891324979 -0.961742067125 -0.307384310563
-0.66850364607 0.781711069966 8.90304441162
-0.516926316597 -0.291457345566 3.99193432238
-0.789309031037 -0.555277390504 1.85568595437
0.0384491415604 0.215505366191 8.19287425564
-0.509295371668 -0.88453568155 1.04943547725
-0.217934261745 -0.531593258147 3.68823092403
-0.56089215354 0.919725605427 9.91595156651
0.232600971851 0.113756886344 8.26658734728
-0.168449792953 -0.14211133314 5.78409395544
0.0818100076762 0.392859614072 9.20972809339
0.404292192364 -0.656612184589 4.92981565415
0.000225504153254 -0.176083809932 6.1202574628
0.741053932539 0.262837842437 10.5373510098
0.065008132832 -0.769210715642 3.34897082029
0.211275778647 -0.76559218864 3.80586639274
-0.325586848868 -0.714316070371 2.45165910154
0.384147294049 -0.587495772328 5.21496302051
-0.216281253624 0.791349555238 10.3079040153
-0.591367233202 0.0156101279176 5.30394893998
-0.161456677668 -0.963751917909 1.69687037745
0.585516227146 -0.861908187371 4.44700774458
-0.0514899580461 0.121356589878 7.45231307525
0.256852913229 0.377263258616 9.65687503277
-0.493455232955 -0.980042446683 0.619422067721
0.44688732471 0.0713131986952 8.69722796761
0.672235406414 0.642776725801 12.2305898483
0.686652335576 -0.0298106800409 8.91090360652
-0.332743208326 0.583116405183 8.91735240093
-0.0974117739415 -0.633115607193 3.54218664221
0.709948039123 0.765119753545 12.9554428851
-0.0673804877197 -0.84860054538 2.55485580994
-0.224347820166 0.607075318925 9.36233313413
0.803548057092 -0.593054515005 6.44537159625
-0.866052775949 0.754700906266 8.17534620348
-0.221190122042 0.0835219285351 6.75403927655
0.936131624102 -0.866870544172 5.47404215145
