-0.665034835482 5.00489549355
-0.790864319331 4.62740704201
0.272860499087 7.81858149726
0.412951452974 8.23885435892
-0.936827710349 4.18951686895
0.872424492487 9.61727347746
-0.896057432697 4.31182770191
0.0825926706021 7.24777801181
0.418121038902 8.25436311671
0.741938247492 9.22581474248
0.428173864265 8.28452159279
0.60345616614 8.81036849842
-0.321099614914 6.03670115526
0.629650227493 8.88895068248
-0.839770307231 4.48068907831
0.789633312121 9.36889993636
0.0951847523075 7.28555425692
0.634595539925 8.90378661977
-0.0953634309634 6.71390970711
0.287155390393 7.86146617118
0.0528053218722 7.15841596562
0.463179043511 8.38953713053
-0.836740035939 4.48977989218
-0.879295832019 4.36211250394
-0.50579353198 5.48261940406
-0.680910639774 4.95726808068
0.743567133184 9.23070139955
-0.561572025284 5.31528392415
0.951730511638 9.85519153491
-0.326208416458 6.02137475063
-0.635764168623 5.09270749413
0.579397014285 8.73819104285
0.317415551002 7.95224665301
-0.00360856709372 6.98917429872
0.110727101875 7.33218130563
0.438403556545 8.31521066963
-0.543090517337 5.37072844799
0.992667832113 9.97800349634
0.949586324294 9.84875897288
0.300651372694 7.90195411808
-0.600915098142 5.19725470557
0.360456484863 8.08136945459
-0.855603182042 4.43319045388
-0.938694995588 4.18391501323
-0.484634222978 5.54609733107
-0.0747540865214 6.77573774044
0.736545010817 9.20963503245
0.454338139533 8.3630144186
0.4854130424 8.4562391272
-0.149013331104 6.55296000669
-0.308130014906 6.07560995528
-0.257922474031 6.22623257791
0.975299127472 9.92589738242
-0.919781617175 4.24065514847
0.734062992245 9.20218897673
0.157350817145 7.47205245143
-0.122769161621 6.63169251514
0.45051532083 8.35154596249
-0.0266621171506 6.92001364855
0.746846476163 9.24053942849
0.801403728023 9.40421118407
-0.156558146253 6.53032556124
-0.44634440553 5.66096678341
0.184700657187 7.55410197156
0.824726691233 9.4741800737
-0.578675621989 5.26397313403
0.245933167127 7.73779950138
0.263120440185 7.78936132056
0.466226044831 8.39867813449
-0.736864629745 4.78940611076
0.431649929364 8.29494978809
0.818065041331 9.45419512399
-0.64063378226 5.07809865322
-0.524913350152 5.42525994954
0.942790188083 9.82837056425
-0.638046094581 5.08586171626
0.708770186739 9.12631056022
-0.0154442871039 6.95366713869
-0.505537851194 5.48338644642
0.741499802545 9.22449940764
-0.109389489995 6.67183153002
0.0296347078594 7.08890412358
-0.2815332612 6.1554002164
0.18590170287 7.55770510861
-0.67295225483 4.98114323551
-0.217836926696 6.34648921991
0.938824644671 9.81647393401
-0.483733134598 5.54880059621
0.313473329083 7.94041998725
-0.349619871551 5.95114038535
0.546946251373 8.64083875412
-0.738252678563 4.78524196431
0.939642090157 9.81892627047
-0.0924209172327 6.7227372483
-0.527899073307 5.41630278008
-0.85300650534 4.44098048398
-0.660484189825 5.01854743053
0.039547897112 7.11864369134
-0.325993647137 6.02201905859
0.657766731765 8.9733001953
-0.138224952676 6.58532514197
-0.502571454825 5.49228563553
0.234289973208 7.70286991962
0.413554433771 8.24066330131
-0.665916184198 5.00225144741
-0.664761567423 5.00571529773
-0.926657146133 4.2200285616
0.472804030131 8.41841209039
0.327609055244 7.98282716573
-0.0507382485004 6.8477852545
0.688340897938 9.06502269382
0.6113403059 8.8340209177
0.170708728794 7.51212618638
0.736542561027 9.20962768308
-0.588317579926 5.23504726022
-0.776160761205 4.67151771639
-0.460500776966 5.6184976691
-0.885826287821 4.34252113654
0.0623390560021 7.18701716801
0.87321138459 9.61963415377
-0.921312918663 4.23606124401
-0.75578017198 4.73265948406
-0.0956019434331 6.7131941697
0.867750035056 9.60325010517
-0.367687790046 5.89693662986
0.0144696173768 7.04340885213
-0.916854281899 4.2494371543
-0.703313598076 4.89005920577
0.973260245918 9.91978073775
0.930237392872 9.79071217862
-0.990120038131 4.02963988561
0.903623570846 9.71087071254
0.278239875631 7.83471962689
0.73583658904 9.20750976712
-0.0905202887323 6.7284391338
0.0311920571585 7.09357617148
-0.0223068394862 6.93307948154
0.333728515092 8.00118554528
-0.720697490487 4.83790752854
-0.940052820255 4.17984153924
-0.384140116818 5.84757964955
0.409361525473 8.22808457642
-0.596293095754 5.21112071274
0.34686486665 8.04059459995
0.939824092215 9.81947227664
-0.812198568421 4.56340429474
0.34520423645 8.03561270935
-0.112499561391 6.66250131583
0.736284508755 9.20885352627
-0.645700421105 5.06289873668
0.385251904452 8.15575571336
0.676230579296 9.02869173789
0.889228438948 9.66768531684
0.366496056579 8.09948816974
-0.00565047198315 6.98304858405
0.235694480402 7.70708344121
0.737809968957 9.21342990687
0.141219493278 7.42365847983
-0.939225880606 4.18232235818
0.861897391014 9.58569217304
0.379053502063 8.13716050619
0.353026771554 8.05908031466
-0.568649695205 5.29405091439
0.317770940465 7.9533128214
-0.212271188692 6.36318643392
0.302465954083 7.90739786225
-0.786813939384 4.63955818185
0.315690609206 7.94707182762
0.998827451541 9.99648235462
-0.903575922279 4.28927223316
0.954348368443 9.86304510533
-0.186184078554 6.44144776434
0.741506900675 9.22452070202
0.564770968117 8.69431290435
0.134032521973 7.40209756592
0.476898418503 8.43069525551
0.757031122603 9.27109336781
-0.191719356698 6.42484192991
-0.345933676874 5.96219896938
0.335186771127 8.00556031338
0.615691883883 8.84707565165
0.524570269553 8.57371080866
0.595627297717 8.78688189315
-0.128833370374 6.61349988888
0.63566843235 8.90700529705
-0.759581889259 4.72125433222
0.0889781959217 7.26693458777
-0.988482679004 4.03455196299
-0.350828340199 5.9475149794
-0.267076930257 6.19876920923
-0.207654616781 6.37703614966
0.39093441338 8.17280324014
-0.222883797459 6.33134860762
-0.102612754755 6.69216173574
-0.524911738251 5.42526478525
-0.253496416741 6.23951074978
-0.545460745474 5.36361776358
-0.853608152463 4.43917554261
0.206897186763 7.62069156029
0.33642559711 8.00927679133
0.238980692019 7.71694207606
-0.0730119123989 6.7809642628
-0.240428439642 6.27871468108
0.726667299144 9.18000189743
0.0381635702724 7.11449071082
-0.0416362447405 6.87509126578
-0.948715868387 4.15385239484
-0.317504344748 6.04748696576
-0.239608762428 6.28117371272
-0.202354438206 6.39293668538
0.160344738455 7.48103421536
0.0672050934538 7.20161528036
0.215810185587 7.64743055676
0.529766523084 8.58929956925
0.625971477432 8.8779144323
0.436246152453 8.30873845736
0.91104739191 9.73314217573
-0.963534834647 4.10939549606
-0.608444028633 5.1746679141
-0.984874250044 4.04537724987
0.294949428309 7.88484828493
0.7960610979 9.3881832937
-0.513035406847 5.46089377946
0.854069089593 9.56220726878
-0.879465219421 4.36160434174
0.868872053611 9.60661616083
-0.296754625521 6.10973612344
-0.797158343102 4.6085249707
-0.0282564816273 6.91523055512
-0.486446864559 5.54065940632
-0.430254196076 5.70923741177
-0.385420070147 5.84373978956
0.606051795665 8.818155387
0.0783225533505 7.23496766005
-0.377384601688 5.86784619494
0.220667566622 7.66200269987
0.432301348446 8.29690404534
-0.454751998533 5.6357440044
-0.172901796949 6.48129460915
-0.756227813326 4.73131656002
-0.637701300931 5.08689609721
0.36223570793 8.08670712379
-0.637123304609 5.08863008617
0.0503267673341 7.150980302
0.418092523445 8.25427757033
-0.786246153811 4.64126153857
0.134624439258 7.40387331777
-0.486874432597 5.53937670221
0.925853750475 9.77756125143
-0.0329087065602 6.90127388032
0.61198509955 8.83595529865
0.100453084313 7.30135925294
-0.91317493429 4.26047519713
0.266302751188 7.79890825356
0.902806684413 9.70842005324
0.203223640293 7.60967092088
0.638377718854 8.91513315656
0.768412926697 9.30523878009
-0.543840456102 5.36847863169
-0.575910320184 5.27226903945
0.221961977702 7.66588593311
-0.177943060387 6.46617081884
0.679722605733 9.0391678172
0.800046246796 9.40013874039
-0.293157241395 6.12052827582
-0.526258882051 5.42122335385
0.561051030488 8.68315309146
-0.450387928904 5.64883621329
0.645228637027 8.93568591108
-0.152523492702 6.54242952189
0.335099798583 8.00529939575
-0.808929372331 4.57321188301
0.247718649353 7.74315594806
-0.0964646425255 6.71060607242
0.173216926351 7.51965077905
-0.66397158451 5.00808524647
0.473747489888 8.42124246967
0.725594155086 9.17678246526
-0.566520399818 5.30043880054
-0.80857088896 4.57428733312
-0.952722827907 4.14183151628
0.283943000887 7.85182900266
0.214188072178 7.64256421653
0.0933948254281 7.28018447628
-0.536105807768 5.3916825767
-0.218188008189 6.34543597543
0.188952670372 7.56685801112
-0.00646628228166 6.98060115316
0.97557104043 9.92671312129
-0.727120494887 4.81863851534
0.390289108095 8.17086732429
-0.191362463791 6.42591260863
-0.143600770149 6.56919768955
0.435195531316 8.30558659395
0.384872302649 8.15461690795
0.982511987404 9.94753596221
-0.743211421092 4.77036573672
-0.791780701232 4.6246578963
0.448677634257 8.34603290277
0.156773834013 7.47032150204
-0.45167866688 5.64496399936
-0.841161262022 4.47651621393
-0.828683500807 4.51394949758
0.788381749328 9.36514524798
-0.616265350563 5.15120394831
-0.353256875769 5.94022937269
-0.546687195546 5.35993841336
-0.290007388336 6.12997783499
-0.861152314508 4.41654305648
0.0381195818165 7.11435874545
-0.864774872816 4.40567538155
0.600713015645 8.80213904693
-0.532575836179 5.40227249146
0.080023829209 7.24007148763
0.760158175123 9.28047452537
0.301754738094 7.90526421428
0.0659155731027 7.19774671931
-0.351332493769 5.94600251869
-0.333996173884 5.99801147835
0.338973910396 8.01692173119
0.988278722442 9.96483616733
0.323678379699 7.9710351391
0.11556683474 7.34670050422
0.461301020478 8.38390306144
-0.0695887754326 6.7912336737
-0.879715314798 4.3608540556
0.124593631756 7.37378089527
0.915250569011 9.74575170703
-0.649394115285 5.05181765415
0.380009781641 8.14002934492
-0.598132622682 5.20560213195
0.0716553689462 7.21496610684
-0.806647100707 4.58005869788
-0.0992581274836 6.70222561755
0.51232665779 8.53697997337
-0.304856951522 6.08542914543
0.329823448974 7.98947034692
0.590899921579 8.77269976474
0.854355638959 9.56306691688
-0.530715836289 5.40785249113
-0.201368168381 6.39589549486
-0.695167973339 4.91449607998
0.984967004317 9.95490101295
0.854001935849 9.56200580755
0.0799142605611 7.23974278168
0.684066588753 9.05219976626
0.0419159545441 7.12574786363
0.247171376006 7.74151412802
-0.821751135768 4.5347465927
0.510540840994 8.53162252298
-0.74457303273 4.76628090181
0.652135260505 8.95640578152
0.564056175341 8.69216852602
0.417489395486 8.25246818646
-0.92767923895 4.21696228315
-0.393743288109 5.81877013567
-0.473774860178 5.57867541947
-0.279727185057 6.16081844483
-0.824714506472 4.52585648058
0.873915646062 9.62174693819
0.107604481425 7.32281344427
-0.388951378684 5.83314586395
-0.206036965851 6.38188910245
-0.10559491899 6.68321524303
0.201188666721 7.60356600016
0.031358855393 7.09407656618
0.838783946429 9.51635183929
-0.00607303418834 6.98178089743
0.984316029647 9.95294808894
0.70284991549 9.10854974647
-0.582978971285 5.25106308614
0.861190429288 9.58357128786
-0.767267204229 4.69819838731
0.634899416982 8.90469825095
-0.238753413047 6.28373976086
0.75594864089 9.26784592267
0.736113380215 9.20834014064
0.611850800235 8.83555240071
0.580060872614 8.74018261784
-0.390641721804 5.82807483459
-0.838161433897 4.48551569831
-0.19403964247 6.41788107259
-0.652950970027 5.04114708992
0.389902177805 8.16970653341
-0.307800546924 6.07659835923
0.95122040172 9.85366120516
0.281944154691 7.84583246407
0.644961127269 8.93488338181
-0.734950654516 4.79514803645
0.724028964545 9.17208689364
0.845514381027 9.53654314308
-0.0258761623621 6.92237151291
0.212505875502 7.63751762651
0.529619601806 8.58885880542
-0.650322745479 5.04903176356
0.00513215292688 7.01539645878
-0.202673944455 6.39197816663
-0.707252015676 4.87824395297
-0.264931155417 6.20520653375
-0.863655381229 4.40903385631
-0.948376186101 4.1548714417
-0.72966742169 4.81099773493
0.926230223178 9.77869066954
0.09905907179 7.29717721537
0.931644322306 9.79493296692
-0.13500424334 6.59498726998
-0.376367733829 5.87089679851
0.0122837256805 7.03685117704
-0.120976622734 6.6370701318
-0.788670631477 4.63398810557
0.28165262938 7.84495788814
-0.567923634981 5.29622909506
0.239175909796 7.71752772939
0.300402184796 7.90120655439
-0.695950293743 4.91214911877
-0.877300745779 4.36809776266
0.561523172137 8.68456951641
-0.0803991524614 6.75880254262
-0.883672408989 4.34898277303
0.98973263434 9.96919790302
-0.884438878007 4.34668336598
0.390070457717 8.17021137315
0.967357850527 9.90207355158
-0.521639791568 5.4350806253
-0.715501262626 4.85349621212
-0.757230121155 4.72830963653
-0.393449704865 5.81965088541
-0.797908377979 4.60627486606
0.384322683388 8.15296805016
-0.87541640374 4.37375078878
0.0188442562996 7.0565327689
0.993393707706 9.98018112312
0.627940539012 8.88382161704
0.230438876462 7.69131662939
-0.387492758427 5.83752172472
0.247791672583 7.74337501775
0.0540829278233 7.16224878347
-0.147833232219 6.55650030334
-0.73857924652 4.78426226044
0.773208430481 9.31962529144
-0.100430702357 6.69870789293
-0.610754976358 5.16773507092
-0.264481298245 6.20655610526
-0.171740494942 6.48477851517
0.655075791134 8.9652273734
0.467228761123 8.40168628337
0.538609787283 8.61582936185
-0.977937471143 4.06618758657
-0.16769200364 6.49692398908
-0.0373116967294 6.88806490981
-0.961615446354 4.11515366094
-0.48037358251 5.55887925247
0.520579646244 8.56173893873
-0.725780588542 4.82265823437
0.0706202629052 7.21186078872
-0.569596255966 5.2912112321
-0.975758450712 4.07272464786
-0.517597084801 5.4472087456
0.95174750982 9.85524252946
0.603074223766 8.8092226713
0.919153288642 9.75745986593
-0.0242919121473 6.92712426356
-0.780527602645 4.65841719207
0.0959189779474 7.28775693384
-0.0912453308801 6.72626400736
0.688714165479 9.06614249644
-0.803834838432 4.58849548471
-0.0235177259564 6.92944682213
-0.699902670612 4.90029198816
-0.35064814622 5.94805556134
0.474714154776 8.42414246433
-0.0479637412625 6.85610877621
-0.248223429708 6.25532971087
-0.21104744286 6.36685767142
-0.081106463188 6.75668061044
0.570033087674 8.71009926302
0.78416937788 9.35250813364
0.910669373008 9.73200811902
0.573806772511 8.72142031753
-0.369186208504 5.89244137449
0.376269412173 8.12880823652
-0.124793751889 6.62561874433
-0.490658755908 5.52802373228
0.681743158852 9.04522947656
-0.923147302075 4.23055809377
0.803523984271 9.41057195281
-0.0770450707505 6.76886478775
0.274402953617 7.82320886085
0.318707844412 7.95612353323
0.790235481413 9.37070644424
0.273339364334 7.820018093
0.22786716952 7.68360150856
-0.866695918879 4.39991224336
0.0368160438904 7.11044813167
-0.699661998366 4.9010140049
0.474867537443 8.42460261233
0.0244438416253 7.07333152488
0.360455558417 8.08136667525
-0.916654198795 4.25003740361
-0.830415967908 4.50875209627
0.432646776125 8.29794032838
-0.855831328003 4.43250601599
-0.857486544469 4.42754036659
-0.97578304953 4.07265085141
0.913002796599 9.7390083898
0.475016718918 8.42505015675
-0.293497182996 6.11950845101
-0.406928837425 5.77921348773
-0.300593540508 6.09821937848
0.549307062362 8.64792118709
0.322741222141 7.96822366642
-0.629608864265 5.1111734072
-0.651781329332 5.044656012
-0.803208700573 4.59037389828
0.320605439403 7.96181631821
0.528745324443 8.58623597333
-0.46990714335 5.59027856995
-0.958110077938 4.12566976619
-0.835656665047 4.49303000486
0.93572006969 9.80716020907
-0.409110445045 5.77266866486
0.538446295676 8.61533888703
0.249327137709 7.74798141313
-0.236120720694 6.29163783792
-0.588625475609 5.23412357317
-0.757227163681 4.72831850896
0.230025936078 7.69007780823
0.549267561276 8.64780268383
0.287808507082 7.86342552125
0.0606042664983 7.18181279949
-0.916097553137 4.25170734059
0.936977555189 9.81093266557
0.597428383309 8.79228514993
-0.414355926598 5.75693222021
0.959940658718 9.87982197615
0.203763179273 7.61128953782
0.164845316414 7.49453594924
0.496146358859 8.48843907658
0.62353957618 8.87061872854
0.312957214663 7.93887164399
-0.743808507268 4.7685744782
-0.323464988011 6.02960503597
0.856167280652 9.56850184196
-0.550768776312 5.34769367106
-0.255665952325 6.23300214303
-0.135846234112 6.59246129767
-0.121190020611 6.63642993817
0.225879164989 7.67763749497
0.886151675489 9.65845502647
-0.518614576335 5.444156271
-0.756997247398 4.72900825781
-0.60505902028 5.18482293916
0.773849800419 9.32154940126
0.29162162531 7.87486487593
-0.428186421522 5.71544073543
0.631893877937 8.89568163381
0.722739992727 9.16821997818
0.693028677381 9.07908603214
0.837853067279 9.51355920184
-0.495517959653 5.51344612104
0.510083857493 8.53025157248
-0.0789210054517 6.76323698364
0.68399710578 9.05199131734
0.456981354323 8.37094406297
0.552894892999 8.658684679
0.312323675362 7.93697102609
-0.645142461061 5.06457261682
0.0900538377939 7.27016151338
0.969339479049 9.90801843715
0.874776132994 9.62432839898
-0.913652528406 4.25904241478
-0.670370368541 4.98888889438
-0.736542453091 4.79037264073
0.451959819971 8.35587945991
0.635570659714 8.90671197914
-0.572977267379 5.28106819786
0.0117053859037 7.03511615771
0.681406056022 9.04421816807
0.465603089533 8.3968092686
0.0844744109837 7.25342323295
0.180695380918 7.54208614275
0.0167210938326 7.0501632815
-0.404903097362 5.78529070791
0.130043985718 7.39013195715
0.3777706041 8.1333118123
0.746645831722 9.23993749516
0.272582707958 7.81774812388
0.522243074086 8.56672922226
-0.679856730091 4.96042980973
-0.0768850511604 6.76934484652
-0.981336760346 4.05598971896
-0.506642270957 5.48007318713
0.452923430226 8.35877029068
0.983619902699 9.9508597081
-0.801643800826 4.59506859752
-0.197011368277 6.40896589517
0.600141937398 8.80042581219
-0.591928730742 5.22421380777
0.110169898605 7.33050969581
0.466142592059 8.39842777618
0.23197090052 7.69591270156
-0.623950530769 5.12814840769
-0.289230862629 6.13230741211
0.567583568971 8.70275070691
0.108453028264 7.32535908479
-0.989540772914 4.03137768126
0.521981520056 8.56594456017
-0.92937729012 4.21186812964
0.491467565462 8.47440269639
-0.59503887967 5.21488336099
0.916146960239 9.74844088072
-0.264118497396 6.20764450781
-0.346136767324 5.96158969803
-0.702223899335 4.89332830199
-0.38879156902 5.83362529294
0.753301523656 9.25990457097
0.992668675254 9.97800602576
-0.263380938986 6.20985718304
-0.102778738091 6.69166378573
0.444141876405 8.33242562922
0.77239156093 9.31717468279
0.186088668374 7.55826600512
-0.216948603644 6.34915418907
-0.174756318303 6.47573104509
0.391236292994 8.17370887898
-0.993563472791 4.01930958163
0.23917867492 7.71753602476
-0.289013979117 6.13295806265
0.588394662554 8.76518398766
-0.814018720354 4.55794383894
0.176404533897 7.52921360169
-0.0380542202278 6.88583733932
0.28465105181 7.85395315543
-0.870292811034 4.3891215669
0.159967574856 7.47990272457
0.122969175919 7.36890752776
0.121320188832 7.3639605665
0.206975333193 7.62092599958
0.352935874453 8.05880762336
0.609977999362 8.82993399808
-0.460358559744 5.61892432077
0.65009882036 8.95029646108
-0.00348863547309 6.98953409358
-0.845883441731 4.46234967481
-0.882898141512 4.35130557546
-0.331523362608 6.00542991218
0.569793954223 8.70938186267
0.415361869482 8.24608560845
0.577229929345 8.73168978803
0.0345381128832 7.10361433865
-0.119602004089 6.64119398773
-0.705094946587 4.88471516024
-0.343614492781 5.96915652166
-0.131961267652 6.60411619704
-0.822799140641 4.53160257808
-0.558776094578 5.32367171627
0.196450588127 7.58935176438
0.471326228478 8.41397868544
0.996695022786 9.99008506836
0.866226662687 9.59867998806
0.28513039907 7.85539119721
-0.157503893412 6.52748831976
0.272354729416 7.81706418825
0.57130323616 8.71390970848
-0.763327618153 4.71001714554
-0.180190220607 6.45942933818
0.679604571271 9.03881371381
-0.232334096134 6.3029977116
0.143744542454 7.43123362736
0.175538721724 7.52661616517
-0.631047493733 5.1068575188
-0.275529116695 6.17341264991
-0.330977422516 6.00706773245
-0.947606582936 4.15718025119
-0.951616472217 4.14515058335
0.663394087352 8.99018226205
-0.453858380054 5.63842485984
0.0361575324776 7.10847259743
-0.402548852822 5.79235344153
0.881358490231 9.64407547069
-0.481406482268 5.55578055319
-0.140686374522 6.57794087643
0.745460500969 9.23638150291
0.683867133584 9.05160140075
-0.627797164307 5.11660850708
0.605286619591 8.81585985877
-0.0836262265242 6.74912132043
-0.0340622558293 6.89781323251
-0.733040055168 4.8008798345
-0.838796972486 4.48360908254
0.455878613948 8.36763584184
-0.0070776952894 6.97876691413
-0.12629859477 6.62110421569
0.459016457305 8.37704937191
0.531025797982 8.59307739395
-0.682183664661 4.95344900602
0.220450298955 7.66135089687
-0.729291835445 4.81212449367
0.502750172058 8.50825051617
0.313910312534 7.9417309376
0.913229242167 9.7396877265
-0.862083967287 4.41374809814
-0.885890557697 4.34232832691
-0.435625850614 5.69312244816
-0.476588632528 5.57023410242
-0.506042401856 5.48187279443
0.812509161042 9.43752748313
-0.500907600301 5.4972771991
-0.456100547743 5.63169835677
0.518796524836 8.55638957451
-0.100520315099 6.6984390547
0.55342111391 8.66026334173
-0.869267684871 4.39219694539
-0.0248576126532 6.92542716204
-0.932772799633 4.2016816011
-0.874693593089 4.37591922073
0.812874906689 9.43862472007
-0.721509257765 4.83547222671
0.0648413645504 7.19452409365
-0.177808794799 6.4665736156
-0.305313347482 6.08405995755
0.799666691375 9.39900007412
-0.956353206449 4.13094038065
0.327579372351 7.98273811705
0.926788868427 9.78036660528
0.120336366924 7.36100910077
0.873644924066 9.6209347722
-0.895484241428 4.31354727572
-0.162413361852 6.51275991444
-0.479684418076 5.56094674577
0.461641929961 8.38492578988
0.962594180994 9.88778254298
-0.486939875112 5.53918037467
0.308349202948 7.92504760884
-0.603804734481 5.18858579656
0.130660509143 7.39198152743
-0.0721350266233 6.78359492013
0.944010659263 9.83203197779
0.217054545393 7.65116363618
-0.300987255826 6.09703823252
-0.771808430224 4.68457470933
-0.69750634253 4.90748097241
-0.549366140098 5.35190157971
-0.498066677319 5.50579996804
0.701232115682 9.10369634705
0.122445576565 7.3673367297
0.0467818227487 7.14034546825
-0.770462256262 4.68861323122
0.720279386699 9.1608381601
0.445628606417 8.33688581925
-0.8646632762 4.4060101714
0.41567019446 8.24701058338
0.0870764346853 7.26122930406
-0.836549308506 4.49035207448
-0.0833987169427 6.74980384917
-0.0306074257399 6.90817772278
-0.668450919673 4.99464724098
0.891396294001 9.674188882
0.699950742961 9.09985222888
0.338044674658 8.01413402397
-0.0754088779988 6.773773366
-0.176468916831 6.47059324951
0.301946934302 7.90584080291
0.0908637388138 7.27259121644
-0.875453788236 4.37363863529
0.0250052975407 7.07501589262
0.612807234466 8.8384217034
-0.0815202448061 6.75543926558
-0.896086844891 4.31173946533
0.572556398768 8.7176691963
-0.597272435728 5.20818269282
-0.482758330224 5.55172500933
-0.670587293135 4.98823812059
-0.339569870257 5.98129038923
0.513503011377 8.54050903413
0.0387717190079 7.11631515702
-0.590237451699 5.2292876449
0.755660156304 9.26698046891
0.759163709903 9.27749112971
0.741156850092 9.22347055028
-0.522407577237 5.43277726829
-0.097521311638 6.70743606509
0.969979312282 9.90993793685
0.54402495262 8.63207485786
-0.945665157549 4.16300452735
-0.869590817479 4.39122754756
-0.0721372463753 6.78358826087
0.818440411723 9.45532123517
0.0774035959054 7.23221078772
-0.00437498393142 6.98687504821
-0.789052600087 4.63284219974
0.313560209449 7.94068062835
0.6442063212 8.9326189636
-0.239159984985 6.28252004505
0.551223701851 8.65367110555
0.928953307802 9.7868599234
-0.592467081745 5.22259875477
0.0466592623895 7.13997778717
-0.425724083831 5.72282774851
0.585708838068 8.7571265142
0.155186731762 7.46556019529
0.269164835101 7.8074945053
0.595828319232 8.7874849577
-0.208059054675 6.37582283597
0.830180136814 9.49054041044
0.0660577344923 7.19817320348
-0.684090354329 4.94772893701
0.391798236338 8.17539470901
0.586522700877 8.75956810263
-0.366476645865 5.90057006241
0.714358513998 9.14307554199
0.812286509532 9.43685952859
-0.446191025244 5.66142692427
0.96704294543 9.90112883629
-0.718576943902 4.84426916829
-0.595968663195 5.21209401041
-0.631550321524 5.10534903543
0.787979420016 9.36393826005
0.30858510465 7.92575531395
-0.695791433555 4.91262569933
-0.119353163263 6.64194051021
0.23059605014 7.69178815042
-0.833071830021 4.50078450994
0.764832736815 9.29449821044
0.607207070883 8.82162121265
0.0104135471533 7.03124064146
0.934253230518 9.80275969156
-0.16447804145 6.50656587565
0.968220638073 9.90466191422
0.335839997607 8.00751999282
0.269342546508 7.80802763952
-0.668090209408 4.99572937177
0.763855516609 9.29156654983
-0.145020624159 6.56493812752
-0.675533188435 4.97340043469
-0.974784960048 4.07564511985
0.119511367277 7.35853410183
0.0547992442454 7.16439773274
0.438707244738 8.31612173421
0.780516106036 9.34154831811
-0.841186830714 4.47643950786
0.462992980681 8.38897894204
-0.625176111805 5.12447166459
0.716354106314 9.14906231894
0.638127027723 8.91438108317
0.0815875099711 7.24476252991
0.420485597247 8.26145679174
-0.371299773633 5.8861006791
-0.0576642021344 6.8270073936
0.643273795421 8.92982138626
-0.0814696056536 6.75559118304
-0.284403469349 6.14678959195
-0.0115751054994 6.9652746835
0.656498504874 8.96949551462
-0.329583905258 6.01124828423
-0.652476813729 5.04256955881
0.424028040662 8.27208412198
0.651956425416 8.95586927625
-0.798725042953 4.60382487114
-0.520251774488 5.43924467654
-0.716056020478 4.85183193857
-0.304117176836 6.08764846949
-0.0992980421892 6.70210587343
0.497652673927 8.49295802178
0.302295169763 7.90688550929
0.241857134957 7.72557140487
-0.295250106781 6.11424967966
0.68289510617 9.04868531851
-0.0574256652037 6.82772300439
0.95820987603 9.87462962809
0.268284276591 7.80485282977
-0.747470516871 4.75758844939
0.352355124151 8.05706537245
-0.349791969137 5.95062409259
0.372654393372 8.11796318012
-0.860717703675 4.41784688897
-0.650237125648 5.04928862306
0.711474517812 9.13442355343
-0.545640885953 5.36307734214
0.674082250486 9.02224675146
-0.441447823091 5.67565653073
0.285763820117 7.85729146035
0.38830114702 8.16490344106
0.0253095062901 7.07592851887
-0.389378646607 5.83186406018
-0.574711247258 5.27586625823
-0.933621290875 4.19913612737
-0.392107197519 5.82367840744
0.306325581063 7.91897674319
0.876609636897 9.62982891069
0.742408964526 9.22722689358
0.532129553071 8.59638865921
0.576894686507 8.73068405952
0.329969806952 7.98990942086
-0.479426284868 5.5617211454
0.814390061412 9.44317018423
0.341464623812 8.02439387144
0.120881261961 7.36264378588
-0.778021061573 4.66593681528
-0.105888912387 6.68233326284
-0.0792834575961 6.76214962721
0.729127219045 9.18738165714
0.0932964403756 7.27988932113
-0.239198902059 6.28240329382
0.953600657021 9.86080197106
-0.778558813347 4.66432355996
-0.154903143376 6.53529056987
-0.915950649657 4.25214805103
0.479808241534 8.4394247246
0.836153104398 9.50845931319
-0.439925340899 5.6802239773
0.716683353598 9.15005006079
-0.415563539076 5.75330938277
0.821540323288 9.46462096986
0.507923807194 8.52377142158
0.609813553683 8.82944066105
-0.963986888799 4.1080393336
0.925620714148 9.77686214244
0.453341984141 8.36002595242
-0.390497809228 5.82850657232
0.658789329718 8.97636798915
-0.43695760317 5.68912719049
0.745507679132 9.2365230374
-0.774839219176 4.67548234247
0.407371954922 8.22211586476
0.0813969532898 7.24419085987
-0.806931059609 4.57920682117
-0.516212343482 5.45136296955
-0.975191927445 4.07442421766
-0.062464069071 6.81260779279
-0.39746947848 5.80759156456
0.196714968596 7.59014490579
-0.405524384583 5.78342684625
-0.400161776986 5.79951466904
0.486386397463 8.45915919239
-0.903714328043 4.28885701587
0.805789990384 9.41736997115
0.704527748782 9.11358324635
0.335609366453 8.00682809936
0.186443140215 7.55932942064
0.784604996279 9.35381498884
-0.629339640943 5.11198107717
-0.842061675618 4.47381497314
-0.520979660181 5.43706101946
0.5891565574 8.7674696722
-0.930659466547 4.20802160036
0.165613670167 7.4968410105
0.990875032383 9.97262509715
0.711392187675 9.13417656303
0.0428913780872 7.12867413426
-0.872718181427 4.38184545572
0.662747028771 8.98824108631
0.197957016354 7.59387104906
-0.770134005881 4.68959798236
-0.812285430353 4.56314370894
0.819253638873 9.45776091662
0.338400525876 8.01520157763
0.658573598634 8.9757207959
0.757957800565 9.27387340169
0.143544704097 7.43063411229
0.0348927035101 7.10467811053
-0.139145179358 6.58256446193
-0.366106824418 5.90167952675
-0.130808078283 6.60757576515
0.54775931146 8.64327793438
0.20384686203 7.61154058609
0.78504657991 9.35513973973
-0.113239971242 6.66028008628
0.214179157438 7.64253747231
0.262615106184 7.78784531855
0.183394324613 7.55018297384
0.405267546171 8.21580263851
-0.52513306325 5.42460081025
0.0247275550916 7.07418266527
-0.791550394383 4.62534881685
-0.23097734471 6.30706796587
-0.0246658627575 6.92600241173
0.304448519091 7.91334555727
0.901062105172 9.70318631552
0.201302133097 7.60390639929
0.487187832353 8.46156349706
0.0125321189904 7.03759635697
0.268208062753 7.80462418826
-0.858135567732 4.4255932968
-0.491216838316 5.52634948505
-0.27629381359 6.17111855923
-0.055013289987 6.83496013004
-0.908702508995 4.27389247301
-0.719951804893 4.84014458532
-0.446371384417 5.66088584675
0.943065381802 9.82919614541
-0.337305985794 5.98808204262
-0.0359178837758 6.89224634867
-0.607804574523 5.17658627643
0.221560142152 7.66468042645
-0.438633568968 5.6840992931
-0.586014843123 5.24195547063
0.033145256892 7.09943577068
-0.988988401679 4.03303479496
-0.984671934702 4.0459841959
