-0.665034835482 8.54306615279
-0.790864319331 9.63113801474
0.272860499087 8.41420431296
0.412951452974 9.60308557903
-0.936827710349 11.21068614
0.872424492487 15.7062694382
-0.896057432697 10.7351790834
0.0825926706021 7.3023504057
0.418121038902 9.65296474208
0.741938247492 13.6295936472
0.428173864265 9.75118445711
0.60345616614 11.723643254
-0.321099614914 6.86154085684
0.629650227493 12.0606259543
-0.839770307231 10.1224024296
0.789633312121 14.3570660773
0.0951847523075 7.3580353535
0.634595539925 12.1254786141
-0.0953634309634 6.78666317883
0.287155390393 8.52113191703
0.0528053218722 7.18072318176
0.463179043511 10.1058157413
-0.836740035939 10.0908509941
-0.879295832019 10.5474017856
-0.50579353198 7.52923618
-0.680910639774 8.66638247553
0.743567133184 13.653838052
-0.561572025284 7.8381890408
0.951730511638 17.1015192692
-0.326208416458 6.87267019837
-0.635764168623 8.32627611897
0.579397014285 11.4237982442
0.317415551002 8.75826770915
-0.00360856709372 6.98927847277
0.110727101875 7.43026523434
0.438403556545 9.85279209676
-0.543090517337 7.73030692816
0.992667832113 17.8611188956
0.949586324294 17.0624724712
0.300651372694 8.6250841013
-0.600915098142 8.08604634697
0.360456484863 9.12080047442
-0.855603182042 10.2896448948
-0.938694995588 11.2331013712
-0.484634222978 7.42505997172
-0.0747540865214 6.82044312805
0.736545010817 13.5496234561
0.454338139533 10.0143995789
0.4854130424 10.3412457011
-0.149013331104 6.73059978946
-0.308130014906 6.83516280397
-0.257922474031 6.75842459879
0.975299127472 17.5355644868
-0.919781617175 11.0086409348
0.734062992245 13.5129767894
0.157350817145 7.67012668868
-0.122769161621 6.7522706515
0.45051532083 9.97525839691
-0.0266621171506 6.92570059648
0.746846476163 13.7027767002
0.801403728023 14.5421946664
-0.156558146253 6.72640918651
-0.44634440553 7.25475341019
0.184700657187 7.82701663368
0.824726691233 14.9155729956
-0.578675621989 7.94289693791
0.245933167127 8.22166448293
0.263120440185 8.3432202489
0.466226044831 10.1376119335
-0.736864629745 9.13316197132
0.431649929364 9.78552308025
0.818065041331 14.8080384188
-0.64063378226 8.361391797
-0.524913350152 7.62953215089
0.942790188083 16.9391972742
-0.638046094581 8.34268426674
0.708770186739 13.1451519811
-0.0154442871039 6.95557534672
-0.505537851194 7.52793459833
0.741499802545 13.623075065
-0.109389489995 6.76756001419
0.0296347078594 7.09592985086
-0.2815332612 6.7894880337
0.18590170287 7.83418065365
-0.67295225483 8.60406113376
-0.217836926696 6.72611263297
0.938824644671 16.8676076415
-0.483733134598 7.42078256027
0.313473329083 8.72654421162
-0.349619871551 6.92901282201
0.546946251373 11.0340403692
-0.738252678563 9.14537810356
0.939642090157 16.8823443312
-0.0924209172327 6.79107025584
-0.527899073307 7.64572223287
-0.85300650534 10.2619412692
-0.660484189825 8.50846235059
0.039547897112 7.13115598066
-0.325993647137 6.87219392238
0.657766731765 12.4345567826
-0.138224952676 6.73817424231
-0.502571454825 7.51291017316
0.234289973208 8.14200425199
0.413554433771 9.60888145885
-0.665916184198 8.54980636242
-0.664761567423 8.54097882992
-0.926657146133 11.0895762934
0.472804030131 10.2067612977
0.327609055244 8.84144871035
-0.0507382485004 6.86838021339
0.688340897938 12.855528228
0.6113403059 11.8239166746
0.170708728794 7.74525794707
0.736542561027 13.5495872367
-0.588317579926 8.00398785902
-0.776160761205 9.49092193426
-0.460500776966 7.31498539379
-0.885826287821 10.6200268341
0.0623390560021 7.21810643123
0.87321138459 15.7196191312
-0.921312918663 11.0266011968
-0.75578017198 9.30228883092
-0.0956019434331 6.78631202241
0.867750035056 15.6271710919
-0.367687790046 6.97849111745
0.0144696173768 7.04508381075
-0.916854281899 10.9744113482
-0.703313598076 8.84725934368
0.973260245918 17.497664788
0.930237392872 16.7134450354
-0.990120038131 11.8723414049
0.903623570846 16.2431551749
0.278239875631 8.45405905402
0.73583658904 13.5391536533
-0.0905202887323 6.79399051518
0.0311920571585 7.10135972691
-0.0223068394862 6.93706024224
0.333728515092 8.89218331956
-0.720697490487 8.9931465109
-0.940052820255 11.2494359782
-0.384140116818 7.02808868434
0.409361525473 9.56869944472
-0.596293095754 8.05564436109
0.34686486665 9.00311648568
0.939824092215 16.8856268711
-0.812198568421 9.8407364111
0.34520423645 8.98894042826
-0.112499561391 6.76375052633
0.736284508755 13.5457725489
-0.645700421105 8.39833100721
0.385251904452 9.34310795243
0.676230579296 12.6869941089
0.889228438948 15.9935030499
0.366496056579 9.17404304564
-0.00565047198315 6.98330400672
0.235694480402 8.15149854594
0.737809968957 13.5683383092
0.141219493278 7.58320204209
-0.939225880606 11.2394843966
0.861897391014 15.5286290741
0.379053502063 9.2866129656
0.353026771554 9.05610352614
-0.568649695205 7.88095072124
0.317770940465 8.76113978623
-0.212271188692 6.72365889431
0.302465954083 8.63928308928
-0.786813939384 9.59216758352
0.315690609206 8.74435631355
0.998827451541 17.9777325782
-0.903575922279 10.8208678117
0.954348368443 17.1492915721
-0.186184078554 6.71876385319
0.741506900675 13.623180572
0.564770968117 11.2460428758
0.134032521973 7.54581530149
0.476898418503 10.2501520681
0.757031122603 13.8558623325
-0.191719356698 6.71889242377
-0.345933676874 6.91955983974
0.335186771127 8.90436168569
0.615691883883 11.8796876187
0.524570269553 10.7751025503
0.595627297717 11.6250569154
-0.128833370374 6.74628418745
0.63566843235 12.1396001441
-0.759581889259 9.33697150414
0.0889781959217 7.33027154256
-0.988482679004 11.8513360165
-0.350828340199 6.9321591737
-0.267076930257 6.76940990263
-0.207654616781 6.72199966862
0.39093441338 9.39544096466
-0.222883797459 6.72876610498
-0.102612754755 6.77639675524
-0.524911738251 7.62952344888
-0.253496416741 6.75359421618
-0.545460745474 7.7438371624
-0.853608152463 10.2683505662
0.206897186763 7.96314312741
0.33642559711 8.91473425046
0.238980692019 8.17383624532
-0.0730119123989 6.82361017762
-0.240428439642 6.74116135778
0.726667299144 13.4043648066
0.0381635702724 7.12614237558
-0.0416362447405 6.88895988079
-0.948715868387 11.3543467863
-0.317504344748 6.85395903723
-0.239608762428 6.74047258497
-0.202354438206 6.72051523468
0.160344738455 7.68671769656
0.0672050934538 7.23774747705
0.215810185587 8.02002284639
0.529766523084 10.8345201211
0.625971477432 12.0126367568
0.436246152453 9.8312241016
0.91104739191 16.3732009782
-0.963534834647 11.5365905167
-0.608444028633 8.13630100193
-0.984874250044 11.8051955571
0.294949428309 8.58080960701
0.7960610979 14.4578894664
-0.513035406847 7.56653640889
0.854069089593 15.3976793472
-0.879465219421 10.5492769191
0.868872053611 15.6461253252
-0.296754625521 6.81424258558
-0.797158343102 9.69221636251
-0.0282564816273 6.92161798515
-0.486446864559 7.43370382264
-0.430254196076 7.1901867977
-0.385420070147 7.03212883334
0.606051795665 11.7565456192
0.0783225533505 7.28404303896
-0.377384601688 7.00719929567
0.220667566622 8.05155609954
0.432301348446 9.79197969229
-0.454751998533 7.29013904576
-0.172901796949 6.72045486026
-0.756227813326 9.30636060521
-0.637701300931 8.34019969088
0.36223570793 9.13642478859
-0.637123304609 8.33603892838
0.0503267673341 7.17124257008
0.418092523445 9.65268843562
-0.786246153811 9.58672565362
0.134624439258 7.54886323494
-0.486874432597 7.43575040714
0.925853750475 16.6352025896
-0.0329087065602 6.90993774406
0.61198509955 11.8321613952
0.100453084313 7.38208583012
-0.91317493429 10.9315828821
0.266302751188 8.36624549589
0.902806684413 16.2288993286
0.203223640293 7.94006970467
0.638377718854 12.175342052
0.768412926697 14.0289061874
-0.543840456102 7.73457816524
-0.575910320184 7.9256506146
0.221961977702 8.06002288947
-0.177943060387 6.71948068076
0.679722605733 12.7353503832
0.800046246796 14.5207307165
-0.293157241395 6.80805762127
-0.526258882051 7.63681064135
0.561051030488 11.201379162
-0.450387928904 7.27163050531
0.645228637027 12.2662458634
-0.152523492702 6.7285368485
0.335099798583 8.90363439583
-0.808929372331 9.80814571836
0.247718649353 8.23407218196
-0.0964646425255 6.78504949048
0.173216926351 7.75968360765
-0.66397158451 8.53495136677
0.473747489888 10.2167359431
0.725594155086 13.3886774884
-0.566520399818 7.86800170783
-0.80857088896 9.80458239291
-0.952722827907 11.4032778108
0.283943000887 8.49681802468
0.214188072178 8.00957645864
0.0933948254281 7.34996522362
-0.536105807768 7.69095807368
-0.218188008189 6.72628403077
0.188952670372 7.85248290424
-0.00646628228166 6.98093565561
0.97557104043 17.5406239607
-0.727120494887 9.04827222801
0.390289108095 9.38947202747
-0.191362463791 6.71886934901
-0.143600770149 6.73416713905
0.435195531316 9.82074779777
0.384872302649 9.33963042272
0.982511987404 17.6701744054
-0.743211421092 9.18927146825
-0.791780701232 9.63999132705
0.448677634257 9.95652585864
0.156773834013 7.66694578229
-0.45167866688 7.27707294428
-0.841161262022 10.1369343637
-0.828683500807 10.0076802537
0.788381749328 14.3375115094
-0.616265350563 8.18946780674
-0.353256875769 6.93855273492
-0.546687195546 7.75087353155
-0.290007388336 6.80281211731
-0.861152314508 10.3492095267
0.0381195818165 7.12598356559
-0.864774872816 10.3883600268
0.600713015645 11.6889880643
-0.532575836179 7.67136866172
0.080023829209 7.29130199356
0.760158175123 13.903198135
0.301754738094 8.63371158998
0.0659155731027 7.23250562153
-0.351332493769 6.93347868812
-0.333996173884 6.8904390317
0.338973910396 8.93614822662
0.988278722442 17.7783948332
0.323678379699 8.80917668697
0.11556683474 7.45354605055
0.461301020478 10.0862921134
-0.0695887754326 6.82997445503
-0.879715314798 10.5520463363
0.124593631756 7.49796947986
0.915250569011 16.4472205396
-0.649394115285 8.42551938988
0.380009781641 9.29528881807
-0.598132622682 8.06770320648
0.0716553689462 7.25604204203
-0.806647100707 9.78549505851
-0.0992581274836 6.78104302452
0.51232665779 10.6368088076
-0.304856951522 6.82893123256
0.329823448974 8.85973840687
0.590899921579 11.5660015033
0.854355638959 15.4024553794
-0.530715836289 7.66112688224
-0.201368168381 6.72028860875
-0.695167973339 8.78056416923
0.984967004317 17.7161810097
0.854001935849 15.396560259
0.0799142605611 7.29083309401
0.684066588753 12.795776549
0.0419159545441 7.13980344159
0.247171376006 8.23026364095
-0.821751135768 9.93694602578
0.510540840994 10.6168381256
-0.74457303273 9.20139291036
0.652135260505 12.3586489655
0.564056175341 11.2374434775
0.417489395486 9.6468473492
-0.92767923895 11.1016724462
-0.393743288109 7.05904035112
-0.473774860178 7.37437636456
-0.279727185057 6.78679682931
-0.824714506472 9.96708861807
0.873915646062 15.7315753896
0.107604481425 7.41544323966
-0.388951378684 7.04341126379
-0.206036965851 6.72149895282
-0.10559491899 6.77241753836
0.201188666721 7.9273810371
0.031358855393 7.10194358867
0.838783946429 15.1448199096
-0.00607303418834 6.98207595139
0.984316029647 17.7039724587
0.70284991549 13.0605337761
-0.582978971285 7.96997893383
0.861190429288 15.5167629318
-0.767267204229 9.4077900888
0.634899416982 12.1294764084
-0.238753413047 6.73976529879
0.75594864089 13.839512704
0.736113380215 13.5432434089
0.611850800235 11.8304436147
0.580060872614 11.4319475453
-0.390641721804 7.0488824731
-0.838161433897 10.1056324125
-0.19403964247 6.71909213539
-0.652950970027 8.45190684399
0.389902177805 9.38589619947
-0.307800546924 6.83452777272
0.95122040172 17.0922232263
0.281944154691 8.48177251499
0.644961127269 12.2626822273
-0.734950654516 9.11636775304
0.724028964545 13.3658304256
0.845514381027 15.2556996913
-0.0258761623621 6.92772811914
0.212505875502 7.99878760349
0.529619601806 10.8328341864
-0.650322745479 8.43238914986
0.00513215292688 7.01560717073
-0.202673944455 6.72059198872
-0.707252015676 8.87988726239
-0.264931155417 6.76671467063
-0.863655381229 10.3762387965
-0.948376186101 11.3502105646
-0.72966742169 9.07031410514
0.926230223178 16.6419100802
0.09905907179 7.375678813
0.931644322306 16.7386221132
-0.13500424334 6.74079643574
-0.376367733829 7.00411816706
0.0122837256805 7.03805829637
-0.120976622734 6.75415287778
-0.788670631477 9.6099990252
0.28165262938 8.47958351724
-0.567923634981 7.87652713642
0.239175909796 8.175168656
0.300402184796 8.62313833543
-0.695950293743 8.78692360966
-0.877300745779 10.525350551
0.561523172137 11.2070356992
-0.0803991524614 6.81051473235
-0.883672408989 10.5959981843
0.98973263434 17.8057634028
-0.884438878007 10.6045403974
0.390070457717 9.38745106902
0.967357850527 17.3883232394
-0.521639791568 7.61194520247
-0.715501262626 8.94903266667
-0.757230121155 9.31548928761
-0.393449704865 7.05807224747
-0.797908377979 9.69953710325
0.384322683388 9.3345994499
-0.87541640374 10.5045818283
0.0188442562996 7.05937361686
0.993393707706 17.8748295912
0.627940539012 12.0382961813
0.230438876462 8.11613323567
-0.387492758427 7.03872682739
0.247791672583 8.23458072176
0.0540829278233 7.18564848813
-0.147833232219 6.73133761973
-0.73857924652 9.14825668756
0.773208430481 14.1024355072
-0.100430702357 6.77939850074
-0.610754976358 8.1519082001
-0.264481298245 6.76615896224
-0.171740494942 6.720736896
0.655075791134 12.3982217104
0.467228761123 10.1481080051
0.538609787283 10.9366333855
-0.977937471143 11.7170811663
-0.16769200364 6.72188885376
-0.0373116967294 6.89920221151
-0.961615446354 11.5127877943
-0.48037358251 7.40494948266
0.520579646244 10.7297642834
-0.725780588542 9.03671793601
0.0706202629052 7.25175856098
-0.569596255966 7.88673039058
-0.975758450712 11.689561081
-0.517597084801 7.59046268315
0.95174750982 17.1018291091
0.603074223766 11.7188108263
0.919153288642 16.5162020101
-0.0242919121473 6.93184503952
-0.780527602645 9.53220389999
0.0959189779474 7.36136053649
-0.0912453308801 6.79286969062
0.688714165479 12.8607601103
-0.803834838432 9.75769906452
-0.0235177259564 6.9338714896
-0.699902670612 8.8192019748
-0.35064814622 6.93168854092
0.474714154776 10.2269706943
-0.0479637412625 6.87451294002
-0.248223429708 6.74824867932
-0.21104744286 6.72318585652
-0.081106463188 6.8093066774
0.570033087674 11.3096010314
0.78416937788 14.2718810393
0.910669373008 16.3665577745
0.573806772511 11.355454015
-0.369186208504 6.98282902688
0.376269412173 9.26143760082
-0.124793751889 6.75020658842
-0.490658755908 7.45399185027
0.681743158852 12.7634193537
-0.923147302075 11.0481656244
0.803523984271 14.5757782992
-0.0770450707505 6.81635233116
0.274402953617 8.42558470848
0.318707844412 8.76872105395
0.790235481413 14.3664833729
0.273339364334 8.41773335776
0.22786716952 8.09898908412
-0.866695918879 10.4092067698
0.0368160438904 7.12129150037
-0.699661998366 8.81722930056
0.474867537443 10.2285960373
0.0244438416253 7.07811153602
0.360455558417 9.120792352
-0.916654198795 10.972076765
-0.830415967908 10.0254775343
0.432646776125 9.79540619151
-0.855831328003 10.2920841119
-0.857486544469 10.3098057582
-0.97578304953 11.6898713294
0.913002796599 16.4076012426
0.475016718918 10.2301772228
-0.293497182996 6.80863322242
-0.406928837425 7.10394211755
-0.300593540508 6.82107119124
0.549307062362 11.0618271772
0.322741222141 8.80151883817
-0.629608864265 8.28243198289
-0.651781329332 8.44320722213
-0.803208700573 9.75152763169
0.320605439403 8.7841191004
0.528745324443 10.8228089183
-0.46990714335 7.35678035692
-0.958110077938 11.4694691378
-0.835656665047 10.0796064996
0.93572006969 16.8117365996
-0.409110445045 7.11163951482
0.538446295676 10.9347341936
0.249327137709 8.24529358591
-0.236120720694 6.73766179585
-0.588625475609 8.00596317746
-0.757227163681 9.31546232829
0.230025936078 8.11337325838
0.549267561276 11.0613615148
0.287808507082 8.52609541524
0.0606042664983 7.21119581644
-0.916097553137 10.9655851555
0.936977555189 16.834348177
0.597428383309 11.6476505354
-0.414355926598 7.13045889146
0.959940658718 17.2517105222
0.203763179273 7.94344500364
0.164845316414 7.71192777599
0.496146358859 10.4577287519
0.62353957618 11.981031553
0.312957214663 8.72240938967
-0.743808507268 9.19458324207
-0.323464988011 6.86664182372
0.856167280652 15.4326811416
-0.550768776312 7.77446363075
-0.255665952325 6.75592277645
-0.135846234112 6.74009489224
-0.121190020611 6.75392610693
0.225879164989 8.08580867238
0.886151675489 15.9405733622
-0.518614576335 7.59584490129
-0.756997247398 9.31336691835
-0.60505902028 8.11359428334
0.773849800419 14.1122975101
0.29162162531 8.55521025472
-0.428186421522 7.18218962804
0.631893877937 12.0900006176
0.722739992727 13.3470447549
0.693028677381 12.9213960135
0.837853067279 15.1295413006
-0.495517959653 7.47775050775
0.510083857493 10.6117359059
-0.0789210054517 6.81306518446
0.68399710578 12.7948076431
0.456981354323 10.0415997286
0.552894892999 11.1042267806
0.312323675362 8.71733965162
-0.645142461061 8.39424297732
0.0900538377939 7.33503906299
0.969339479049 17.4249706423
0.874776132994 15.7461946618
-0.913652528406 10.9371299561
-0.670370368541 8.58406034252
-0.736542453091 9.13033092237
0.451959819971 9.99002089085
0.635570659714 12.1383124871
-0.572977267379 7.90749178933
0.0117053859037 7.03621228618
0.681406056022 12.7587318735
0.465603089533 10.1310991645
0.0844744109837 7.31051064184
0.180695380918 7.80329270823
0.0167210938326 7.05240004133
-0.404903097362 7.09686285394
0.130043985718 7.52542346293
0.3777706041 9.27499684688
0.746645831722 13.6997774794
0.272582707958 8.4121587853
0.522243074086 10.7486318497
-0.679856730091 8.65807119733
-0.0768850511604 6.81663533525
-0.981336760346 11.7601644166
-0.506642270957 7.53356431289
0.452923430226 9.99988735986
0.983619902699 17.690924612
-0.801643800826 9.73613086474
-0.197011368277 6.71947372901
0.600141937398 11.6817885724
-0.591928730742 8.027250786
0.110169898605 7.42760894828
0.466142592059 10.1367391052
0.23197090052 8.12639669107
-0.623950530769 8.24266252647
-0.289230862629 6.80154334729
0.567583568971 11.279959569
0.108453028264 7.41945555951
-0.989540772914 11.8649052113
0.521981520056 10.7456622184
-0.92937729012 11.1218053088
0.491467565462 10.4067256396
-0.59503887967 8.04745350754
0.916146960239 16.4630429028
-0.264118497396 6.76571315315
-0.346136767324 6.92007499158
-0.702223899335 8.83827554037
-0.38879156902 7.04289636607
0.753301523656 13.7996100553
0.992668675254 17.8611348164
-0.263380938986 6.76481333521
-0.102778738091 6.77617153776
0.444141876405 9.91052168023
0.77239156093 14.08988447
0.186088668374 7.8352979451
-0.216948603644 6.72568776205
-0.174756318303 6.72004921139
0.391236292994 9.39823557462
-0.993563472791 11.9166565773
0.23917867492 8.17518753305
-0.289013979117 6.80119070365
0.588394662554 11.534850219
-0.814018720354 9.85895565563
0.176404533897 7.77816207833
-0.0380542202278 6.89742232873
0.28465105181 8.50216292581
-0.870292811034 10.4483981824
0.159967574856 7.68461972461
0.122969175919 7.48987887357
0.121320188832 7.48170927224
0.206975333193 7.96363630798
0.352935874453 9.05531747516
0.609977999362 11.8065192757
-0.460358559744 7.314364349
0.65009882036 12.3313242709
-0.00348863547309 6.9896314582
-0.845883441731 10.1865000508
-0.882898141512 10.5873786017
-0.331523362608 6.88469183182
0.569793954223 11.3067030648
0.415361869482 9.6262894694
0.577229929345 11.3972449187
0.0345381128832 7.11315738858
-0.119602004089 6.75563110279
-0.705094946587 8.86198622986
-0.343614492781 6.91372387885
-0.131961267652 6.74342640633
-0.822799140641 9.94758998479
-0.558776094578 7.82151750724
0.196450588127 7.89809443299
0.471326228478 10.1911659946
0.996695022786 17.9372928159
0.866226662687 15.6014690373
0.28513039907 8.505785953
-0.157503893412 6.72594813128
0.272354729416 8.41048097733
0.57130323616 11.3250088097
-0.763327618153 9.37136956662
-0.180190220607 6.719177463
0.679604571271 12.7337127002
-0.232334096134 6.73483076941
0.143744542454 7.59653357525
0.175538721724 7.77312690777
-0.631047493733 8.29262503357
-0.275529116695 6.78074300309
-0.330977422516 6.88343616617
-0.947606582936 11.3408461394
-0.951616472217 11.3897418649
0.663394087352 12.5109159831
-0.453858380054 7.286324293
0.0361575324776 7.11893153467
-0.402548852822 7.0887180728
0.881358490231 15.8584177771
-0.481406482268 7.40979816256
-0.140686374522 6.73628212424
0.745460500969 13.6820723709
0.683867133584 12.7929954519
-0.627797164307 8.26964274318
0.605286619591 11.7468349936
-0.0836262265242 6.80506808653
-0.0340622558293 6.90709513069
-0.733040055168 9.09966161434
-0.838796972486 10.112251971
0.455878613948 10.0302383271
-0.0070776952894 6.9791676643
-0.12629859477 6.74871489602
0.459016457305 10.0626182365
0.531025797982 10.8489845789
-0.682183664661 8.67644542466
0.220450298955 8.05013757134
-0.729291835445 9.06705714364
0.502750172058 10.5303124002
0.313910312534 8.73004841213
0.913229242167 16.4115889165
-0.862083967287 10.3592582314
-0.885890557697 10.6207449686
-0.435625850614 7.21128150194
-0.476588632528 7.38732789966
-0.506042401856 7.53050409424
0.812509161042 14.7188965773
-0.500907600301 7.50454459141
-0.456100547743 7.29592003398
0.518796524836 10.709588248
-0.100520315099 6.77927372468
0.55342111391 11.1104627763
-0.869267684871 10.4372074091
-0.0248576126532 6.93037036929
-0.932772799633 11.162202367
-0.874693593089 10.4966302751
0.812874906689 14.7247496315
-0.721509257765 9.00007709903
0.0648413645504 7.22815931411
-0.177808794799 6.71950135567
-0.305313347482 6.82978987876
0.799666691375 14.5147346125
-0.956353206449 11.4478320245
0.327579372351 8.84120407857
0.926788868427 16.6518674584
0.120336366924 7.47685583041
0.873644924066 15.726978399
-0.895484241428 10.7286834889
-0.162413361852 6.72378471531
-0.479684418076 7.40172387333
0.461641929961 10.0898319619
0.962594180994 17.3004830013
-0.486939875112 7.43606391045
0.308349202948 8.68568145651
-0.603804734481 8.10522705561
0.130660509143 7.52855887663
-0.0721350266233 6.82522261666
0.944010659263 16.9612809762
0.217054545393 8.02806504158
-0.300987255826 6.82178485788
-0.771808430224 9.45008073305
-0.69750634253 8.79960175537
-0.549366140098 7.76632682679
-0.498066677319 7.49036328849
0.701232115682 13.0375081876
0.122445576565 7.48728008346
0.0467818227487 7.15785377976
-0.770462256262 9.4375099378
0.720279386699 13.3112573193
0.445628606417 9.92556465811
-0.8646632762 10.3871508211
0.41567019446 9.62926426787
0.0870764346853 7.32188774788
-0.836549308506 10.088870039
-0.0833987169427 6.80544661707
-0.0306074257399 6.91567223886
-0.668450919673 8.56926029708
0.891396294001 16.0308877057
0.699950742961 13.0193005695
0.338044674658 8.92832764049
-0.0754088779988 6.81926535705
-0.176468916831 6.71972347837
0.301946934302 8.63521641198
0.0908637388138 7.33864096869
-0.875453788236 10.504993318
0.0250052975407 7.08001801186
0.612807234466 11.8426833563
-0.0815202448061 6.80860366809
-0.896086844891 10.735512534
0.572556398768 11.3402358345
-0.597272435728 8.06205759266
-0.482758330224 7.41616985253
-0.670587293135 8.58573666231
-0.339569870257 6.90375196352
0.513503011377 10.6499917757
0.0387717190079 7.12834112658
-0.590237451699 8.01632964001
0.755660156304 13.8351586435
0.759163709903 13.8881274372
0.741156850092 13.6179783618
-0.522407577237 7.61605468233
-0.097521311638 6.78351931487
0.969979312282 17.4368168669
0.54402495262 10.9997800504
-0.945665157549 11.317265249
-0.869590817479 10.4407330663
-0.0721372463753 6.82521851939
0.818440411723 14.8140788955
0.0774035959054 7.28014132099
-0.00437498393142 6.98702817208
-0.789052600087 9.61367424537
0.313560209449 8.72724066794
0.6442063212 12.2526332378
-0.239159984985 6.74010003239
0.551223701851 11.0844516614
0.928953307802 16.690493908
-0.592467081745 8.03073669837
0.0466592623895 7.1573944813
-0.425724083831 7.17275571294
0.585708838068 11.5015652581
0.155186731762 7.65822356901
0.269164835101 8.38709217294
0.595828319232 11.6275760457
-0.208059054675 6.72213139783
0.830180136814 15.0041328869
0.0660577344923 7.23308219777
-0.684090354329 8.6915658401
0.391798236338 9.40344157299
0.586522700877 11.5116391318
-0.366476645865 6.97501111812
0.714358513998 13.2255402342
0.812286509532 14.7153345171
-0.446191025244 7.25411837234
0.96704294543 17.3825053027
-0.718576943902 8.97509176276
-0.595968663195 8.0535231905
-0.631550321524 8.29619550436
0.787979420016 14.331230791
0.30858510465 8.68755344844
-0.695791433555 8.78563145141
-0.119353163263 6.75590193086
0.23059605014 8.11718445714
-0.833071830021 10.0528539017
0.764832736815 13.9742511329
0.607207070883 11.7712246281
0.0104135471533 7.03210817717
0.934253230518 16.7853924814
-0.16447804145 6.7229900846
0.968220638073 17.4042715461
0.335839997607 8.90982802476
0.269342546508 8.3883908984
-0.668090209408 8.56648559503
0.763855516609 13.9593685519
-0.145020624159 6.73318597897
-0.675533188435 8.62416114411
-0.974784960048 11.6772908665
0.119511367277 7.4727978371
0.0547992442454 7.18842139009
0.438707244738 9.8558341069
0.780516106036 14.2151914524
-0.841186830714 10.1372017812
0.462992980681 10.1038789433
-0.625176111805 8.25123303076
0.716354106314 13.254367964
0.638127027723 12.1720299113
0.0815875099711 7.29801470418
0.420485597247 9.67592189167
-0.371299773633 6.9890088543
-0.0576642021344 6.85360867526
0.643273795421 12.2402307933
-0.0814696056536 6.8086895562
-0.284403469349 6.79387225898
-0.0115751054994 6.96634654804
0.656498504874 12.4174178098
-0.329583905258 6.88025268907
-0.652476813729 8.44837749844
0.424028040662 9.71048235612
0.651956425416 12.3562467214
-0.798725042953 9.70751842506
-0.520251774488 7.6045399474
-0.716056020478 8.95372173427
-0.304117176836 6.82754652746
-0.0992980421892 6.78098668289
0.497652673927 10.4742234927
0.302295169763 8.63794446659
0.241857134957 8.19353039471
-0.295250106781 6.81163068409
0.68289510617 12.7794511268
-0.0574256652037 6.85410466058
0.95820987603 17.2199589603
0.268284276591 8.3806644543
-0.747470516871 9.22728583812
0.352355124151 9.05029844058
-0.349791969137 6.92945946597
0.372654393372 9.22893355531
-0.860717703675 10.3445266123
-0.650237125648 8.43175517962
0.711474517812 13.1839914694
-0.545640885953 7.74486915353
0.674082250486 12.6573417948
-0.441447823091 7.23466597482
0.285763820117 8.51057914746
0.38830114702 9.37112568727
0.0253095062901 7.08105308774
-0.389378646607 7.04478990365
-0.574711247258 7.91821040002
-0.933621290875 11.1723258456
-0.392107197519 7.05366284221
0.306325581063 8.66965963609
0.876609636897 15.7773845547
0.742408964526 13.6365954584
0.532129553071 10.8616835492
0.576894686507 11.3931438941
0.329969806952 8.86095000886
-0.479426284868 7.40051764637
0.814390061412 14.7490195612
0.341464623812 8.95717858595
0.120881261961 7.47954202183
-0.778021061573 9.50847099329
-0.105888912387 6.77203295697
-0.0792834575961 6.8124365604
0.729127219045 13.4403936696
0.0932964403756 7.34952312742
-0.239198902059 6.74013221179
0.953600657021 17.1356356756
-0.778558813347 9.51355416668
-0.154903143376 6.72725044049
-0.915950649657 10.9638727919
0.479808241534 10.2811523138
0.836153104398 15.1016754252
-0.439925340899 7.22849842182
0.716683353598 13.2591302954
-0.415563539076 7.13485382285
0.821540323288 14.8640489922
0.507923807194 10.5876641729
0.609813553683 11.8044212231
-0.963986888799 11.5422051078
0.925620714148 16.6310517941
0.453341984141 10.0041775891
-0.390497809228 7.04841488441
0.658789329718 12.4483950368
-0.43695760317 7.21658276624
0.745507679132 13.6827766346
-0.774839219176 9.47848886706
0.407371954922 9.54973114202
0.0813969532898 7.29719457191
-0.806931059609 9.78830870087
-0.516212343482 7.58316443806
-0.975191927445 11.6824185805
-0.062464069071 6.84382187219
-0.39746947848 7.07144745515
0.196714968596 7.89971913674
-0.405524384583 7.09902705818
-0.400161776986 7.08055025113
0.486386397463 10.3517330135
-0.903714328043 10.8224537096
0.805789990384 14.61175004
0.704527748782 13.0844580368
0.335609366453 8.90789727417
0.186443140215 7.83741777691
0.784604996279 14.2786549903
-0.629339640943 8.28052814647
-0.842061675618 10.1463578975
-0.520979660181 7.60841947004
0.5891565574 11.5443132652
-0.930659466547 11.1370379417
0.165613670167 7.71626411247
0.990875032383 17.8272917355
0.711392187675 13.1828073205
0.0428913780872 7.14339149678
-0.872718181427 10.4749416493
0.662747028771 12.5021100795
0.197957016354 7.90736689165
-0.770134005881 9.43444907847
-0.812285430353 9.84160467185
0.819253638873 14.8271731151
0.338400525876 8.93132090493
0.658573598634 12.4454742744
0.757957800565 13.8698736212
0.143544704097 7.59547476888
0.0348927035101 7.1144181166
-0.139145179358 6.73745550943
-0.366106824418 6.97395318183
-0.130808078283 6.7444617919
0.54775931146 11.0436000407
0.20384686203 7.94396893137
0.78504657991 14.2855248008
-0.113239971242 6.76286641497
0.214179157438 8.00951916416
0.262615106184 8.33957887052
0.183394324613 7.81925080024
0.405267546171 9.52973691035
-0.52513306325 7.6307186832
0.0247275550916 7.07907428112
-0.791550394383 9.63776503164
-0.23097734471 6.73387223602
-0.0246658627575 6.93086965001
0.304448519091 8.65485676349
0.901062105172 16.1984896545
0.201302133097 7.9280867896
0.487187832353 10.360379369
0.0125321189904 7.03885278902
0.268208062753 8.38010870766
-0.858135567732 10.3167665177
-0.491216838316 7.45670134301
-0.27629381359 6.78182473065
-0.055013289987 6.85917182664
-0.908702508995 10.8798144718
-0.719951804893 8.98678939627
-0.446371384417 7.25486514936
0.943065381802 16.9441746602
-0.337305985794 6.89828466704
-0.0359178837758 6.90256710367
-0.607804574523 8.13199748292
0.221560142152 8.05739159918
-0.438633568968 7.2232945557
-0.586014843123 7.98926264152
0.033145256892 7.10822463511
-0.988988401679 11.8578192642
-0.984671934702 11.8026147478
