-0.665034835482 -0.790864319331 0.272860499087 0.412951452974 -0.936827710349 -5.16742962983
0.872424492487 -0.896057432697 0.0825926706021 0.418121038902 0.741938247492 6.92928204875
0.428173864265 0.60345616614 -0.321099614914 0.629650227493 -0.839770307231 0.491947061372
0.789633312121 0.0951847523075 0.634595539925 -0.0953634309634 0.287155390393 6.64931822841
0.0528053218722 0.463179043511 -0.836740035939 -0.879295832019 -0.50579353198 -8.28305272145
-0.680910639774 0.743567133184 -0.561572025284 0.951730511638 -0.326208416458 2.42399407831
-0.635764168623 0.579397014285 0.317415551002 -0.00360856709372 0.110727101875 3.3826446854
0.438403556545 -0.543090517337 0.992667832113 0.949586324294 0.300651372694 10.7700467472
-0.600915098142 0.360456484863 -0.855603182042 -0.938694995588 -0.484634222978 -10.1441537857
-0.0747540865214 0.736545010817 0.454338139533 0.4854130424 -0.149013331104 6.41046464291
-0.308130014906 -0.257922474031 0.975299127472 -0.919781617175 0.734062992245 3.31663892558
0.157350817145 -0.122769161621 0.45051532083 -0.0266621171506 0.746846476163 7.09622370398
0.801403728023 -0.156558146253 -0.44634440553 0.184700657187 0.824726691233 6.2196188285
-0.578675621989 0.245933167127 0.263120440185 0.466226044831 -0.736864629745 -0.457127536176
0.431649929364 0.818065041331 -0.64063378226 -0.524913350152 0.942790188083 4.78713423142
-0.638046094581 0.708770186739 -0.0154442871039 -0.505537851194 0.741499802545 3.70975078194
-0.109389489995 0.0296347078594 -0.2815332612 0.18590170287 -0.67295225483 -3.36421291584
-0.217836926696 0.938824644671 -0.483733134598 0.313473329083 -0.349619871551 0.915514958337
0.546946251373 -0.738252678563 0.939642090157 -0.0924209172327 -0.527899073307 0.00820380167882
-0.85300650534 -0.660484189825 0.039547897112 -0.325993647137 0.657766731765 -0.212641836802
-0.138224952676 -0.502571454825 0.234289973208 0.413554433771 -0.665916184198 -1.77472931333
-0.664761567423 -0.926657146133 0.472804030131 0.327609055244 -0.0507382485004 0.115337332495
0.688340897938 0.6113403059 0.170708728794 0.736542561027 -0.588317579926 5.04634495432
-0.776160761205 -0.460500776966 -0.885826287821 0.0623390560021 0.87321138459 0.0738345829572
-0.921312918663 -0.75578017198 -0.0956019434331 0.867750035056 -0.367687790046 -1.359750692
0.0144696173768 -0.916854281899 -0.703313598076 0.973260245918 0.930237392872 5.91284758357
-0.990120038131 0.903623570846 0.278239875631 0.73583658904 -0.0905202887323 5.97965135161
0.0311920571585 -0.0223068394862 0.333728515092 -0.720697490487 -0.940052820255 -6.91342671774
-0.384140116818 0.409361525473 -0.596293095754 0.34686486665 0.939824092215 6.4479008463
-0.812198568421 0.34520423645 -0.112499561391 0.736284508755 -0.645700421105 -0.231562655911
0.385251904452 0.676230579296 0.889228438948 0.366496056579 -0.00565047198315 9.15468675358
0.235694480402 0.737809968957 0.141219493278 -0.939225880606 0.861897391014 4.72495178384
0.379053502063 0.353026771554 -0.568649695205 0.317770940465 -0.212271188692 0.857816108148
0.302465954083 -0.786813939384 0.315690609206 0.998827451541 -0.903575922279 0.0799342508715
0.954348368443 -0.186184078554 0.741506900675 0.564770968117 0.134032521973 8.94422207634
0.476898418503 0.757031122603 -0.191719356698 -0.345933676874 0.335186771127 3.73946502042
0.615691883883 0.524570269553 0.595627297717 -0.128833370374 0.63566843235 9.35744750952
-0.759581889259 0.0889781959217 -0.988482679004 -0.350828340199 -0.267076930257 -7.56276318931
-0.207654616781 0.39093441338 -0.222883797459 -0.102612754755 -0.524911738251 -2.79657538654
-0.253496416741 -0.545460745474 -0.853608152463 0.206897186763 0.33642559711 -1.50476816328
0.238980692019 -0.0730119123989 -0.240428439642 0.726667299144 0.0381635702724 4.15952980563
-0.0416362447405 -0.948715868387 -0.317504344748 -0.239608762428 -0.202354438206 -5.61160791501
0.160344738455 0.0672050934538 0.215810185587 0.529766523084 0.625971477432 8.79020697963
0.436246152453 0.91104739191 -0.963534834647 -0.608444028633 -0.984874250044 -8.19997050138
0.294949428309 0.7960610979 -0.513035406847 0.854069089593 -0.879465219421 0.919494654367
0.868872053611 -0.296754625521 -0.797158343102 -0.0282564816273 -0.486446864559 -4.40111673724
-0.430254196076 -0.385420070147 0.606051795665 0.0783225533505 -0.377384601688 -0.465256263309
0.220667566622 0.432301348446 -0.454751998533 -0.172901796949 -0.756227813326 -4.48264468025
-0.637701300931 0.36223570793 -0.637123304609 0.0503267673341 0.418092523445 1.02300028083
-0.786246153811 0.134624439258 -0.486874432597 0.925853750475 -0.0329087065602 2.31569979278
0.61198509955 0.100453084313 -0.91317493429 0.266302751188 0.902806684413 5.6209835773
0.203223640293 0.638377718854 0.768412926697 -0.543840456102 -0.575910320184 0.220567942321
0.221961977702 -0.177943060387 0.679722605733 0.800046246796 -0.293157241395 5.87027298279
-0.526258882051 0.561051030488 -0.450387928904 0.645228637027 -0.152523492702 2.14008584067
0.335099798583 -0.808929372331 0.247718649353 -0.0964646425255 0.173216926351 0.791264423064
-0.66397158451 0.473747489888 0.725594155086 -0.566520399818 -0.80857088896 -3.68835141186
-0.952722827907 0.283943000887 0.214188072178 0.0933948254281 -0.536105807768 -1.94652508391
-0.218188008189 0.188952670372 -0.00646628228166 0.97557104043 -0.727120494887 1.61974909844
0.390289108095 -0.191362463791 -0.143600770149 0.435195531316 0.384872302649 5.1172992167
0.982511987404 -0.743211421092 -0.791780701232 0.448677634257 0.156773834013 0.752298081971
-0.45167866688 -0.841161262022 -0.828683500807 0.788381749328 -0.616265350563 -5.49725847979
-0.353256875769 -0.546687195546 -0.290007388336 -0.861152314508 0.0381195818165 -6.58364897316
-0.864774872816 0.600713015645 -0.532575836179 0.080023829209 0.760158175123 3.90335415337
0.301754738094 0.0659155731027 -0.351332493769 -0.333996173884 0.338973910396 0.75978881338
0.988278722442 0.323678379699 0.11556683474 0.461301020478 -0.0695887754326 6.29883237274
-0.879715314798 0.124593631756 0.915250569011 -0.649394115285 0.380009781641 2.30844065514
-0.598132622682 0.0716553689462 -0.806647100707 -0.0992581274836 0.51232665779 -0.630218232027
-0.304856951522 0.329823448974 0.590899921579 0.854355638959 -0.530715836289 4.83083930726
-0.201368168381 -0.695167973339 0.984967004317 0.854001935849 0.0799142605611 7.2011230031
0.684066588753 0.0419159545441 0.247171376006 -0.821751135768 0.510540840994 2.43705591228
-0.74457303273 0.652135260505 0.564056175341 0.417489395486 -0.92767923895 0.244855961146
-0.393743288109 -0.473774860178 -0.279727185057 -0.824714506472 0.873915646062 -1.20779855297
0.107604481425 -0.388951378684 -0.206036965851 -0.10559491899 0.201188666721 -0.0966356312323
0.031358855393 0.838783946429 -0.00607303418834 0.984316029647 0.70284991549 12.6934570545
-0.582978971285 0.861190429288 -0.767267204229 0.634899416982 -0.238753413047 1.09052113501
0.75594864089 0.736113380215 0.611850800235 0.580060872614 -0.390641721804 7.72409465561
-0.838161433897 -0.19403964247 -0.652950970027 0.389902177805 -0.307800546924 -3.76753806783
0.95122040172 0.281944154691 0.644961127269 -0.734950654516 0.724028964545 6.99753829128
0.845514381027 -0.0258761623621 0.212505875502 0.529619601806 -0.650322745479 2.20958531313
0.00513215292688 -0.202673944455 -0.707252015676 -0.264931155417 -0.863655381229 -8.93335365467
-0.948376186101 -0.72966742169 0.926230223178 0.09905907179 0.931644322306 6.70432754823
-0.13500424334 -0.376367733829 0.0122837256805 -0.120976622734 -0.788670631477 -5.68688368798
0.28165262938 -0.567923634981 0.239175909796 0.300402184796 -0.695950293743 -1.85745284547
-0.877300745779 0.561523172137 -0.0803991524614 -0.883672408989 0.98973263434 2.1284051761
-0.884438878007 0.390070457717 0.967357850527 -0.521639791568 -0.715501262626 -2.63044151435
-0.757230121155 -0.393449704865 -0.797908377979 0.384322683388 -0.87541640374 -8.21732787432
0.0188442562996 0.993393707706 0.627940539012 0.230438876462 -0.387492758427 5.35686962351
0.247791672583 0.0540829278233 -0.147833232219 -0.73857924652 0.773208430481 2.01285355005
-0.100430702357 -0.610754976358 -0.264481298245 -0.171740494942 0.655075791134 0.98070074532
0.467228761123 0.538609787283 -0.977937471143 -0.16769200364 -0.0373116967294 -1.42379319906
-0.961615446354 -0.48037358251 0.520579646244 -0.725780588542 0.0706202629052 -3.48721442054
-0.569596255966 -0.975758450712 -0.517597084801 0.95174750982 0.603074223766 3.24032668843
0.919153288642 -0.0242919121473 -0.780527602645 0.0959189779474 -0.0912453308801 -0.424556665281
0.688714165479 -0.803834838432 -0.0235177259564 -0.699902670612 -0.35064814622 -5.73154931854
0.474714154776 -0.0479637412625 -0.248223429708 -0.21104744286 -0.081106463188 -0.729232626498
0.570033087674 0.78416937788 0.910669373008 0.573806772511 -0.369186208504 8.78916841255
0.376269412173 -0.124793751889 -0.490658755908 0.681743158852 -0.923147302075 -2.71464547315
0.803523984271 -0.0770450707505 0.274402953617 0.318707844412 0.790235481413 9.80847668129
0.273339364334 0.22786716952 -0.866695918879 0.0368160438904 -0.699661998366 -5.25039520903
0.474867537443 0.0244438416253 0.360455558417 -0.916654198795 -0.830415967908 -6.100877968
0.432646776125 -0.855831328003 -0.857486544469 -0.97578304953 0.913002796599 -3.53304507769
0.475016718918 -0.293497182996 -0.406928837425 -0.300593540508 0.549307062362 1.23470121078
0.322741222141 -0.629608864265 -0.651781329332 -0.803208700573 0.320605439403 -4.94288033229
0.528745324443 -0.46990714335 -0.958110077938 -0.835656665047 0.93572006969 -1.74863400001
-0.409110445045 0.538446295676 0.249327137709 -0.236120720694 -0.588625475609 -1.91792990935
-0.757227163681 0.230025936078 0.549267561276 0.287808507082 0.0606042664983 4.17536186037
-0.916097553137 0.936977555189 0.597428383309 -0.414355926598 0.959940658718 8.05631541185
0.203763179273 0.164845316414 0.496146358859 0.62353957618 0.312957214663 8.8820889121
-0.743808507268 -0.323464988011 0.856167280652 -0.550768776312 -0.255665952325 -2.32118245147
-0.135846234112 -0.121190020611 0.225879164989 0.886151675489 -0.518614576335 2.58732504934
-0.756997247398 -0.60505902028 0.773849800419 0.29162162531 -0.428186421522 -0.344782756541
0.631893877937 0.722739992727 0.693028677381 0.837853067279 -0.495517959653 8.42028002205
0.510083857493 -0.0789210054517 0.68399710578 0.456981354323 0.552894892999 10.1216692514
0.312323675362 -0.645142461061 0.0900538377939 0.969339479049 0.874776132994 10.1447895119
-0.913652528406 -0.670370368541 -0.736542453091 0.451959819971 0.635570659714 0.288637083337
-0.572977267379 0.0117053859037 0.681406056022 0.465603089533 0.0844744109837 5.44964776061
0.180695380918 0.0167210938326 -0.404903097362 0.130043985718 0.3777706041 2.70878520707
0.746645831722 0.272582707958 0.522243074086 -0.679856730091 -0.0768850511604 1.53941812625
-0.981336760346 -0.506642270957 0.452923430226 0.983619902699 -0.801643800826 -0.562669904118
-0.197011368277 0.600141937398 -0.591928730742 0.110169898605 0.466142592059 3.38639319805
0.23197090052 -0.623950530769 -0.289230862629 0.567583568971 0.108453028264 1.92380277266
-0.989540772914 0.521981520056 -0.92937729012 0.491467565462 -0.59503887967 -4.24354159684
0.916146960239 -0.264118497396 -0.346136767324 -0.702223899335 -0.38879156902 -5.1884775518
0.753301523656 0.992668675254 -0.263380938986 -0.102778738091 0.444141876405 6.58204288511
0.77239156093 0.186088668374 -0.216948603644 -0.174756318303 0.391236292994 3.70889087885
-0.993563472791 0.23917867492 -0.289013979117 0.588394662554 -0.814018720354 -3.36778584664
0.176404533897 -0.0380542202278 0.28465105181 -0.870292811034 0.159967574856 -1.01440799168
0.122969175919 0.121320188832 0.206975333193 0.352935874453 0.609977999362 7.86234761954
-0.460358559744 0.65009882036 -0.00348863547309 -0.845883441731 -0.882898141512 -7.51118125803
-0.331523362608 0.569793954223 0.415361869482 0.577229929345 0.0345381128832 6.8011609394
-0.119602004089 -0.705094946587 -0.343614492781 -0.131961267652 -0.822799140641 -8.32554800117
-0.558776094578 0.196450588127 0.471326228478 0.996695022786 0.866226662687 12.5379395792
0.28513039907 -0.157503893412 0.272354729416 0.57130323616 -0.763327618153 0.463718507454
-0.180190220607 0.679604571271 -0.232334096134 0.143744542454 0.175538721724 3.52105193068
-0.631047493733 -0.275529116695 -0.330977422516 -0.947606582936 -0.951616472217 -12.8603237756
0.663394087352 -0.453858380054 0.0361575324776 -0.402548852822 0.881358490231 4.38524984172
-0.481406482268 -0.140686374522 0.745460500969 0.683867133584 -0.627797164307 2.24952259785
0.605286619591 -0.0836262265242 -0.0340622558293 -0.733040055168 -0.838796972486 -6.87453657446
0.455878613948 -0.0070776952894 -0.12629859477 0.459016457305 0.531025797982 6.86656683737
-0.682183664661 0.220450298955 -0.729291835445 0.502750172058 0.313910312534 1.77702896126
0.913229242167 -0.862083967287 -0.885890557697 -0.435625850614 -0.476588632528 -8.34101669655
-0.506042401856 0.812509161042 -0.500907600301 -0.456100547743 0.518796524836 1.25408868851
-0.100520315099 0.55342111391 -0.869267684871 -0.0248576126532 -0.932772799633 -6.73877288902
-0.874693593089 0.812874906689 -0.721509257765 0.0648413645504 -0.177808794799 -1.93944544321
-0.305313347482 0.799666691375 -0.956353206449 0.327579372351 0.926788868427 6.16159062568
0.120336366924 0.873644924066 -0.895484241428 -0.162413361852 -0.479684418076 -3.41050277738
0.461641929961 0.962594180994 -0.486939875112 0.308349202948 -0.603804734481 0.782224510318
0.130660509143 -0.0721350266233 0.944010659263 0.217054545393 -0.300987255826 4.10030776748
-0.771808430224 -0.69750634253 -0.549366140098 -0.498066677319 0.701232115682 -3.11654114093
0.122445576565 0.0467818227487 -0.770462256262 0.720279386699 0.445628606417 4.57855616833
-0.8646632762 0.41567019446 0.0870764346853 -0.836549308506 -0.0833987169427 -3.81714907447
-0.0306074257399 -0.668450919673 0.891396294001 0.699950742961 0.338044674658 8.02703932826
-0.0754088779988 -0.176468916831 0.301946934302 0.0908637388138 -0.875453788236 -3.27084080463
0.0250052975407 0.612807234466 -0.0815202448061 -0.896086844891 0.572556398768 1.51725548741
-0.597272435728 -0.482758330224 -0.670587293135 -0.339569870257 0.513503011377 -2.94200031769
0.0387717190079 -0.590237451699 0.755660156304 0.759163709903 0.741156850092 10.5722313582
-0.522407577237 -0.097521311638 0.969979312282 0.54402495262 -0.945665157549 0.588671977546
-0.869590817479 -0.0721372463753 0.818440411723 0.0774035959054 -0.00437498393142 2.67893634875
-0.789052600087 0.313560209449 0.6442063212 -0.239159984985 0.551223701851 5.05094299915
0.928953307802 -0.592467081745 0.0466592623895 -0.425724083831 0.585708838068 2.65277502918
0.155186731762 0.269164835101 0.595828319232 -0.208059054675 0.830180136814 8.44196679326
0.0660577344923 -0.684090354329 0.391798236338 0.586522700877 -0.366476645865 1.38079098054
0.714358513998 0.812286509532 -0.446191025244 0.96704294543 -0.718576943902 3.60456551935
-0.595968663195 -0.631550321524 0.787979420016 0.30858510465 -0.695791433555 -1.56649368898
-0.119353163263 0.23059605014 -0.833071830021 0.764832736815 0.607207070883 5.58820061318
0.0104135471533 0.934253230518 -0.16447804145 0.968220638073 0.335839997607 10.0218177961
0.269342546508 -0.668090209408 0.763855516609 -0.145020624159 -0.675533188435 -2.18846572018
-0.974784960048 0.119511367277 0.0547992442454 0.438707244738 0.780516106036 6.50479401862
-0.841186830714 0.462992980681 -0.625176111805 0.716354106314 0.638127027723 5.61643353131
0.0815875099711 0.420485597247 -0.371299773633 -0.0576642021344 0.643273795421 4.51075447901
-0.0814696056536 -0.284403469349 -0.0115751054994 0.656498504874 -0.329583905258 1.24253905147
-0.652476813729 0.424028040662 0.651956425416 -0.798725042953 -0.520251774488 -3.5401796655
-0.716056020478 -0.304117176836 -0.0992980421892 0.497652673927 0.302295169763 2.56037864799
0.241857134957 -0.295250106781 0.68289510617 -0.0574256652037 0.95820987603 8.79167530441
0.268284276591 -0.747470516871 0.352355124151 -0.349791969137 0.372654393372 1.19054401372
-0.860717703675 -0.650237125648 0.711474517812 -0.545640885953 0.674082250486 1.4900403601
-0.441447823091 0.285763820117 0.38830114702 0.0253095062901 -0.389378646607 0.31787605406
-0.574711247258 -0.933621290875 -0.392107197519 0.306325581063 0.876609636897 2.27257056948
0.742408964526 0.532129553071 0.576894686507 0.329969806952 -0.479426284868 5.16207665984
0.814390061412 0.341464623812 0.120881261961 -0.778021061573 -0.105888912387 -0.388739740086
-0.0792834575961 0.729127219045 0.0932964403756 -0.239198902059 0.953600657021 7.92760993528
-0.778558813347 -0.154903143376 -0.915950649657 0.479808241534 0.836153104398 2.73033017861
-0.439925340899 0.716683353598 -0.415563539076 0.821540323288 0.507923807194 7.76318968229
0.609813553683 -0.963986888799 0.925620714148 0.453341984141 -0.390497809228 2.9538723629
0.658789329718 -0.43695760317 0.745507679132 -0.774839219176 0.407371954922 2.5587722001
0.0813969532898 -0.806931059609 -0.516212343482 -0.975191927445 -0.062464069071 -8.57359269783
-0.39746947848 0.196714968596 -0.405524384583 -0.400161776986 0.486386397463 0.0906179103446
-0.903714328043 0.805789990384 0.704527748782 0.335609366453 0.186443140215 7.22475798375
0.784604996279 -0.629339640943 -0.842061675618 -0.520979660181 0.5891565574 -1.75701458924
-0.930659466547 0.165613670167 0.990875032383 0.711392187675 0.0428913780872 7.41333141384
-0.872718181427 0.662747028771 0.197957016354 -0.770134005881 -0.812285430353 -6.68974982265
0.819253638873 0.338400525876 0.658573598634 0.757957800565 0.143544704097 10.9390604773
0.0348927035101 -0.139145179358 -0.366106824418 -0.130808078283 0.54775931146 1.82043804862
0.20384686203 0.78504657991 -0.113239971242 0.214179157438 0.262615106184 5.95646000311
0.183394324613 0.405267546171 -0.52513306325 0.0247275550916 -0.791550394383 -4.14360555611
-0.23097734471 -0.0246658627575 0.304448519091 0.901062105172 0.201302133097 7.39496512311
0.487187832353 0.0125321189904 0.268208062753 -0.858135567732 -0.491216838316 -4.15317459587
-0.27629381359 -0.055013289987 -0.908702508995 -0.719951804893 -0.446371384417 -9.63042486409
0.943065381802 -0.337305985794 -0.0359178837758 -0.607804574523 0.221560142152 0.0208792514123
-0.438633568968 -0.586014843123 0.033145256892 -0.988988401679 -0.984671934702 -12.3557042563
-0.561862381796 -0.926557274998 -0.783948491739 -0.322278701322 0.60517135916 -4.0195559072
0.144097286739 0.0253354519128 -0.413022353584 0.863507438866 -0.205969917526 2.79382920406
-0.825814466408 0.234133032236 -0.772323213047 -0.309553714397 0.0148238774356 -4.49734799567
0.74844504937 -0.0129068393198 0.404517532063 0.985633677998 -0.737021760204 4.5822775378
-0.450536948961 -0.210847848805 -0.156343642922 -0.177957849469 0.815222005113 2.84255076731
0.428065288934 0.215810428181 -0.381254564274 0.647580768443 0.91012102297 9.67717358535
0.6423965651 -0.996869789617 0.272802740367 -0.897729237116 -0.484785559333 -7.01196481876
-0.880950599304 0.207590905899 0.373179826985 -0.771024723868 -0.23232223391 -3.89546619577
-0.0875269820889 -0.261893956478 -0.75794999903 -0.162104419625 0.502356095617 -0.788921354155
-0.857984670933 -0.839639971836 -0.290457416328 0.883451423238 0.337145293446 2.04340995418
0.357339913345 -0.276160018324 0.187321582417 -0.979737631945 0.272192092819 -1.63004950142
0.826573895152 0.22514693669 0.747397186933 0.447946110932 -0.758883167193 4.00460889961
0.804906614572 -0.867112311288 0.0679349450955 -0.715725752413 -0.976586778538 -9.15793335763
-0.155931479745 -0.409918584692 -0.0279990124048 0.154399773469 -0.912521855382 -5.35674702813
-0.753993409753 0.117284792901 -0.313665293655 0.458346975099 0.304583297184 2.70844104318
0.69120872598 0.384985653338 -0.14013784522 0.345933244789 -0.449237651489 2.01106334611
-0.387373002444 0.577970319842 -0.107160967197 0.596760681037 0.644844747337 8.38339297505
0.715124675323 0.833270471682 -0.138029558973 -0.362266363358 0.164397493188 3.55299567214
-0.257655153125 0.2021483336 0.411171725288 0.376810036984 -0.25089422596 3.11450642487
-0.666279596602 -0.138941323076 -0.714811711836 0.780194070368 -0.308245078524 -1.55713012908
-0.691080505553 -0.949104480188 0.291644772573 0.273804634909 -0.318791666837 -2.60662218786
-0.856576222305 -0.18074221021 -0.377565009873 0.35424127947 0.211558498905 0.274918276052
-0.270812543605 -0.56421489149 0.976071932311 -0.0919967576078 0.37654847156 4.46932500889
-0.718894064843 -0.0288206006812 -0.944926560261 0.0109102358209 0.928034814235 1.31880389174
-0.231586574028 -0.92200797485 -0.938088418161 -0.224026480106 -0.679950127074 -11.1813839082
-0.953295807344 0.5124272279 -0.0829539822362 -0.421510456055 0.800166366033 2.99232005599
-0.767722079599 0.911837657911 -0.372066565245 0.776807344617 0.205885752959 5.83115379439
0.653414719483 0.968026326421 -0.423189124363 0.922270970815 -0.221036210195 6.80328951368
-0.228976190526 -0.319225791491 0.0828152146952 -0.691709913643 0.107422970716 -2.89838064066
0.08340962482 0.52380362521 0.667299923875 -0.119117299375 -0.395333501297 2.43984231611
-0.481330205366 -0.61075232659 -0.884704835602 -0.315104042331 -0.459504615738 -9.66628463899
0.932834771733 0.1154176525 -0.305445921939 0.160935201987 -0.721606597309 -1.5348247607
-0.111912501596 0.252468642842 -0.0222043364151 -0.196442398691 0.987696777799 6.38873225301
0.760629524298 0.246811916319 0.138754722365 0.241320959649 -0.597375784355 1.43906377913
-0.209724513471 -0.921080934218 -0.0489079250263 0.0860491679153 -0.544500527794 -5.21508085689
0.928057694331 0.818909221874 0.444286470912 0.0667732575307 0.739938319295 11.8634851414
-0.738695312353 0.58101958855 -0.750358372066 0.588421325099 -0.448464863497 -1.48444790281
0.754181162036 0.888084187651 -0.70240806119 -0.0746487898692 0.961974756325 7.76158723087
-0.0331851280537 0.727095045029 0.177463044263 -0.249340184161 -0.428432888948 0.00746880153688
-0.593553817828 0.523596382755 -0.226918986354 0.0225509244015 -0.0153490399976 0.496665949216
0.154558058466 0.731154291249 0.961478687167 -0.184831582852 0.655037844213 10.3545628904
0.529055589309 0.147057902911 0.912094287224 -0.599050968943 -0.781471579381 -1.53642228475
0.707923933911 -0.121700366733 0.693937708414 0.786180410391 -0.875084812762 3.50689077666
0.766929525972 -0.103361889261 0.0208649780085 0.253185022186 0.85276521346 8.68974968789
-0.96176781114 -0.0463130633644 0.375444084861 0.445413915396 0.385064863074 4.9767602825
-0.731129741184 -0.401208823257 -0.282568949166 0.608874415359 -0.442480255171 -2.40667120303
-0.578590072266 0.914896038076 -0.982273429773 0.995641711364 0.353642597715 5.75847839371
0.656938598898 -0.410761207308 -0.971369444666 0.475739037123 0.668289194001 3.58454614683
0.480952263907 -0.714299425398 0.506855844514 0.537845564215 0.31708103134 6.43814363879
0.532231865591 0.691842879355 0.227208228475 -0.822790572061 -0.0247443806656 0.786406138852
-0.844701330657 -0.184913937935 -0.185787021749 -0.86798031172 -0.302358932061 -8.14134771308
-0.778003802417 0.616470420018 0.895376051929 -0.855367049484 0.910230414583 6.05945510302
0.0451531986735 -0.400868644092 -0.846275849448 0.00124853614084 0.589031088981 0.0430262818727
0.414172954533 -0.899547977072 -0.854196329264 -0.194253434735 -0.409419011904 -7.7148645843
-0.535231353888 -0.437991002183 0.606965486594 0.858456107264 -0.189794610945 4.1969391027
0.812222004265 -0.357008597504 -0.0471260273124 -0.547942004368 0.280952084352 0.310916591038
0.95796223035 0.206986192087 -0.284371831773 0.295634891981 -0.754158643069 -0.647381688642
0.777318160531 0.00616790155967 -0.101300515921 0.171729576907 0.249567725579 4.52399220007
-0.856448387547 0.365234442447 -0.516136639369 0.427905265013 0.645069588768 4.32820385245
0.607917015105 0.105001934816 0.0403397846215 -0.714248077321 0.550692300806 2.42511239138
-0.457181239107 -0.00660915436411 -0.431451814145 -0.732343274001 0.259115393783 -3.76702120519
-0.891335930354 0.497290468252 -0.364826409478 -0.999730613991 0.0222582784745 -5.61520949297
-0.906296182945 -0.447660884358 0.413952974911 -0.874620756756 0.678676984712 -0.800804994828
-0.992360154683 -0.506352261596 0.481808112304 -0.367459700541 -0.796215223868 -7.19113449085
-0.279532162399 -0.459213427231 0.685423804321 -0.37330416483 0.577864943552 3.40565944796
0.783744289621 -0.132365160847 0.819886287709 -0.245363892074 0.92815683298 9.79205978505
-0.821420950949 0.374038533006 -0.0123719190861 -0.224702389089 0.265423757497 0.898816620317
0.407714183269 -0.991273460699 -0.666093822506 0.426092101269 0.332770827156 0.304318163698
0.932095010257 0.522075580502 0.901545415463 0.40508100307 -0.403895582721 7.63862994289
-0.789270155498 0.56364772669 0.288298442952 -0.903627975213 -0.279899068198 -3.93193764437
0.913599630969 0.000802291420402 -0.134541727961 -0.0846007896814 -0.58223455199 -1.62497203599
-0.26258565827 -0.260373488026 -0.895289959625 0.535135257036 -0.166991136192 -2.21372215109
0.644359773633 0.70069600224 -0.576011890603 0.31470696434 -0.055436391674 3.32767646323
0.760313475843 -0.568518641647 0.35562640062 0.215504244505 -0.409397044856 0.858715582614
-0.726798192698 0.303279520955 0.477194916265 -0.368745312473 0.289665208045 2.25928652843
-0.209738184777 0.426413766565 -0.601569450212 0.780430005272 -0.425180807069 0.804552313243
-0.264428024488 -0.883816095839 -0.776975575357 0.0317238054247 -0.464814646544 -7.91847549006
0.670960451484 -0.97061322269 -0.241811902656 -0.325308906462 -0.961344738165 -8.93177933702
-0.751263201999 -0.172714650163 -0.0142708311051 -0.19142050549 0.0618753568242 -1.66360406541
0.190263349811 -0.980152357744 -0.071809681093 0.926998481775 0.0380645602591 3.01621067245
0.355084534918 -0.376272284166 0.547982756306 0.545842963752 0.0425920953083 5.75805063317
0.952027646558 -0.748899570475 -0.966104670221 0.540316423514 0.61431107473 3.18038646676
-0.759585541759 -0.468834334083 -0.964895273267 -0.413382778439 0.546283747837 -4.574466584
0.0359210554252 -0.303808813663 -0.256521410187 -0.997292748569 -0.40039894487 -8.25452738295
0.292917483276 0.948388887633 0.694121653968 -0.952810070709 0.79712120935 7.22616514787
0.566396826597 0.560752247142 -0.0840084819929 -0.203989414091 -0.394168542334 0.0940581421923
-0.868610282091 -0.543529273013 -0.506792730044 -0.0318458605796 0.494888813193 -1.58487572713
-0.0523803432041 -0.884311101106 0.915579601976 0.885448638188 0.570379086297 9.7541421269
0.982655803128 0.0889646656005 0.925536700506 -0.848789918766 -0.268638503477 1.07857179039
-0.549237463986 -0.608333831731 -0.718394102215 0.244827283132 0.562643711495 -0.197054147398
0.156596798841 -0.706074580824 0.622247539867 0.271909414327 -0.223668587746 1.70149555984
0.348260591072 -0.480190041514 -0.309615583012 0.834971686264 -0.418990988657 0.678401224932
-0.0600234636841 0.780282274792 0.415442700535 -0.875593547671 -0.705393911442 -3.72776050786
-0.984316818456 0.261843580458 -0.104653149179 -0.731450298195 0.915868242114 1.23624246945
0.0593194478912 -0.516213411774 0.00120714230942 0.35924066547 -0.847521564053 -3.71409882727
-0.450592369904 0.613930981768 -0.0806702591947 0.0931542840646 -0.134367995581 1.27749061555
-0.912200114714 -0.66850044036 -0.108916722516 -0.581629069184 -0.900041942681 -11.5739654426
0.687299328104 0.962385058328 0.586285747993 0.707569843409 -0.516045739366 8.04847160402
0.921253951026 -0.606148591093 0.902859620724 0.989638587932 0.423445611492 12.1243672203
0.962287463584 0.139079559134 -0.480916433648 -0.126008228669 0.187121870758 1.91083795118
-0.853836875946 0.244686529234 0.962355673525 -0.619784700433 0.585190232577 4.28802642321
0.815797587559 0.88740318564 0.920271208811 0.0429192774429 0.954615815983 14.9171808504
0.514620414269 -0.676657127526 -0.0461997870641 0.436662350744 -0.505319368362 -1.03413415875
0.281230367098 0.333200958093 -0.674600512383 0.130170624906 0.543253821957 3.77403761521
-0.00220867092812 -0.975793766448 -0.981923061841 -0.28594131206 0.852388136864 -2.17486862768
-0.542646440793 0.268727377743 -0.555848258613 -0.356660020681 0.696084179203 0.890701189004
0.45772288454 -0.809201445374 -0.142595958027 -0.941660472709 -0.038219706794 -6.02016300346
0.324868023402 -0.762994752804 -0.422230122182 -0.204326748996 0.839062049312 1.68456985056
0.986510030846 -0.910177402009 0.522015846991 -0.256551867195 -0.215083627541 -0.242709857594
0.508529946694 0.836852864291 0.901857189005 0.154245172077 -0.285757681399 7.19172701427
0.575098171718 -0.497997233475 0.128148057667 -0.28284307695 0.313262147416 1.63415437342
-0.519202174213 -0.61681410853 0.836478173351 -0.796392634101 0.0119158154699 -2.4534022583
-0.558294434074 -0.922140073349 -0.927962363417 -0.649556455788 0.733540709012 -5.44139656673
-0.435042512046 0.900918341151 0.163244585978 -0.126771620462 0.160177669339 3.81285625699
0.0333967704525 0.517552507515 -0.435007868054 -0.293899216799 0.788188605067 4.13905513763
0.892913026301 0.785116454973 -0.161104012085 0.560731006014 -0.0473285333978 7.01644319886
-0.0049202957078 -0.590639781885 0.182260606517 -0.627728204493 -0.336870601866 -5.21258214466
0.71006040324 -0.585848381578 -0.857683429653 -0.861984814774 0.881569041006 -1.7886678847
0.0138408759237 -0.181175856366 0.621757162016 0.671651855821 -0.335617933769 4.31573450731
0.387236114948 0.542245631704 0.309301373732 -0.6968098504 0.751766167034 5.66496237014
0.078189105472 -0.43505514726 -0.149543629125 -0.924857819202 -0.744266397555 -9.83684922868
0.531093501032 -0.999976730489 -0.166868343035 0.0450203621712 -0.890731159998 -6.72450171068
0.946156325945 -0.547749337501 -0.391602560727 -0.39211497549 -0.539166675765 -5.51292053556
-0.997052355827 0.458689588176 0.933690999599 -0.55141303343 0.326094383607 3.31622918576
0.483792653917 0.696850758181 -0.154741605973 -0.394138188719 -0.349409731954 -0.627978176832
0.425242666197 0.633558933011 -0.636772064487 -0.258117983684 0.803880393498 4.73676631605
0.613387039389 0.969716805525 0.508496519364 -0.213609597944 0.181275667989 7.18951659103
0.322028508495 -0.843088367366 0.0889939182077 0.418641656945 -0.665357391998 -2.42816847954
0.561263434851 0.167545561028 0.904443571395 -0.915155403586 -0.469347724889 -1.1489255289
0.2031077586 -0.406880175588 0.428848328142 0.518010565044 -0.794968071867 -0.278787302978
0.0277089284135 0.0177811111821 -0.261438459569 0.865849725139 0.655012639746 8.32233181627
0.394418763819 0.42865327147 -0.0765677123738 0.841989042193 0.389190854507 9.31361683056
0.457962123312 0.723381807575 -0.451856821316 0.614141807733 -0.609518794087 1.69223865823
-0.30931609551 -0.32877909146 0.957050936778 0.713074447496 0.402339723181 9.20264485827
0.454113523231 0.124145588805 0.894181334217 -0.00748249423528 -0.23896458026 4.38618919701
-0.673929326137 0.572411304522 0.468887864151 -0.231289922952 -0.949613172082 -3.60920192935
0.677994655436 -0.977164033092 0.407399559258 0.940514219452 -0.124677343704 5.00860248367
-0.530053190008 0.409742020087 0.634256284031 0.0928606321557 0.934070550512 9.77487128022
-0.896662556684 0.00959119660906 0.436907894645 0.725280942298 -0.641488776184 0.760552109425
0.600006963527 0.105414151437 -0.20689263602 -0.736569942842 0.730591517818 2.38938522998
-0.685453583641 -0.380424281582 -0.419908936075 0.742828068382 0.345405988418 2.59476051609
0.593362794383 -0.499064202415 0.249748199214 0.143491966287 0.665660753577 6.39995013127
0.812174120963 -0.975686457045 0.348039838118 -0.896328401761 0.0977173301547 -2.80588980461
-0.424734541913 -0.386446800956 -0.294082993095 0.242584898099 -0.331900068662 -2.96361738055
0.465398101181 -0.190945228852 -0.86329359938 0.567519684968 -0.428483350815 -1.82851556176
-0.134466240801 0.370887766444 -0.335087685703 -0.886828687707 -0.252157905974 -5.44371079946
0.888897165389 0.283468794597 0.342958297334 0.264564307275 -0.602015722081 2.7107611078
-0.163332271795 0.501879596727 -0.797254204894 -0.444294447821 -0.447361783068 -5.9156855105
-0.135962144811 0.960737481884 -0.864994906632 0.0374019887612 -0.641270635976 -3.51030534255
0.941353090819 -0.773392990545 -0.192797995277 0.475769969669 0.409108856055 4.62483821357
-0.154542726212 -0.306951664095 -0.204775242894 -0.471447473683 -0.589334122586 -6.94228352022
-0.0339206048822 -0.462932487865 -0.425076670205 0.313512126949 0.9370746634 5.03306326096
0.207274401119 -0.84604106587 -0.848832772292 0.902846441691 -0.405418419385 -2.4371837924
-0.815866027835 0.198089174301 0.247297556581 0.297009640237 -0.465195944285 -0.354401770968
-0.969778631571 0.930030738909 -0.498213908618 0.352052576105 0.413259739757 4.09750063818
0.220014834159 -0.374185211573 -0.457807492472 0.195336565405 0.732191267223 3.85607449408
0.893467457847 -0.788188391192 -0.690342774805 0.889472517566 0.47307045667 4.94678397075
0.76598764966 -0.594734731729 0.175171742219 0.402279188835 0.360223770894 5.62119664254
-0.183696618267 -0.969210216617 0.165852113609 -0.493796921641 -0.0994915077142 -4.67754908644
0.915162030168 -0.201929364715 0.679603213329 -0.622918788501 0.34492099605 3.8978808533
0.954013908878 -0.796213798254 -0.983360115546 -0.132834414735 -0.814749033897 -8.96672031625
0.496768699352 0.829097327697 -0.131958054582 -0.482576715689 -0.131193361987 0.7529534131
0.4468956357 -0.981891676839 0.178907978969 0.226583369775 0.275376493792 2.44892396838
-0.515955840038 0.428105446756 -0.817217027336 -0.601459327066 0.754940093309 -0.494119524632
0.477446301453 -0.972508891977 -0.50324747926 -0.571187034014 -0.458387343926 -8.58188322369
-0.50488045944 -0.874947408514 -0.0821189668064 0.465466949572 0.213463449435 0.645036432822
0.345743337196 -0.837701642928 0.902981420354 0.676983667686 0.610180636991 9.8363095874
0.645967610084 0.865421016266 0.0885079322274 -0.599435964265 0.233567215705 3.64645347078
0.485762987336 0.475834786708 0.0428980483338 -0.863082561333 -0.25777412314 -2.29143501737
0.841533216927 0.168897819515 0.0766638865114 -0.462292971236 -0.263102160167 -0.393662378735
0.790692178306 0.332926095054 0.574774053505 -0.0913091538647 0.260494438912 6.98567971994
-0.503232782514 0.410921660567 -0.144797332593 -0.114908970371 0.298644649154 1.86443312937
0.872561242938 -0.871987306783 0.649486474694 -0.415233779176 -0.112161090987 -0.022028977498
-0.95617334245 -0.397907844331 0.00526248526026 -0.887647845305 -0.0178085412337 -6.63011075078
0.854221257717 -0.789213563784 0.528881456151 -0.180657893248 0.310347429049 3.41512275674
-0.47952680403 -0.681015474917 -0.679074771458 -0.859016108714 -0.628706590198 -12.7857192034
0.328438769978 0.763381223687 0.628251371182 0.370268619749 -0.779136273178 3.63655215542
-0.421625107408 -0.380386249355 -0.500086107205 0.0300113194194 0.0711076297593 -2.40805101605
-0.286228049658 -0.292421682527 0.657111195812 0.578585696639 -0.384408336639 2.76520209972
0.827576887747 0.905630034005 -0.34651491594 -0.291150102414 0.0112683068439 2.59784354274
0.882241625067 0.752638866285 -0.794864074833 -0.214538513457 0.1067423795 1.41070525937
0.00626494510308 -0.612273864126 0.717633542336 0.353881565994 0.675816749704 7.87055079536
0.717528558699 0.496711707331 -0.121578797501 0.221093510031 -0.679269187761 0.468729472981
0.34729083495 -0.641493488521 0.38789918102 -0.540803678492 -0.7648973997 -5.97170486224
-0.669431019714 -0.996015729562 0.437479235707 0.464802098117 0.0298666998265 0.926218404257
-0.677274397889 -0.832891324979 -0.961742067125 -0.66850364607 0.781711069966 -5.35244284977
-0.516926316597 -0.291457345566 -0.789309031037 -0.555277390504 0.0384491415604 -6.6111528972
0.215505366191 -0.509295371668 -0.88453568155 -0.217934261745 -0.531593258147 -7.91424896643
-0.56089215354 0.919725605427 0.232600971851 0.113756886344 -0.168449792953 3.12588207061
-0.14211133314 0.0818100076762 0.392859614072 0.404292192364 -0.656612184589 0.614433667322
0.000225504153254 -0.176083809932 0.741053932539 0.262837842437 0.065008132832 5.14065331784
-0.769210715642 0.211275778647 -0.76559218864 -0.325586848868 -0.714316070371 -8.88079351647
0.384147294049 -0.587495772328 -0.216281253624 0.791349555238 -0.591367233202 -0.450773366406
0.0156101279176 -0.161456677668 -0.963751917909 0.585516227146 -0.861908187371 -5.5520254373
-0.0514899580461 0.121356589878 0.256852913229 0.377263258616 -0.493455232955 1.21408640181
-0.980042446683 0.44688732471 0.0713131986952 0.672235406414 0.642776725801 7.88366726242
0.686652335576 -0.0298106800409 -0.332743208326 0.583116405183 -0.0974117739415 3.28401117999
-0.633115607193 0.709948039123 0.765119753545 -0.0673804877197 -0.84860054538 -0.504413793719
-0.224347820166 0.607075318925 0.803548057092 -0.593054515005 -0.866052775949 -2.57486668591
0.754700906266 -0.221190122042 0.0835219285351 0.936131624102 -0.866870544172 1.65935401602
0.296636014904 -0.85178915485 -0.249062143067 0.607629090387 -0.133055534489 0.281468237992
0.994364707806 0.118118569893 -0.357675694728 -0.55977734819 -0.298958931428 -2.68025798314
-0.254933452481 -0.862572644552 -0.260851601146 -0.0715229605216 0.445475504478 -0.825753018946
0.313458969443 0.417531310458 -0.983272636246 -0.564665200839 0.3233685768 -1.93669321812
-0.0320212636405 -0.989373048663 0.608989284864 0.545619146581 0.0968383259871 3.71292115501
-0.867073348447 0.533030099065 0.167427175463 0.563919954316 0.503493984792 7.37521598248
0.606004143916 0.0360161328092 -0.719350963613 0.342314946759 0.240947570104 2.59991298623
0.484506374398 -0.660237987899 -0.610049600199 0.780819034439 0.499955596904 4.45192913792
0.816456977401 0.517430642328 0.194310611981 0.308265474056 0.77825584788 11.1733107873
0.157613509024 0.264782648657 -0.687046567993 -0.0521575597678 0.432794223916 1.69736623671
-0.458114603367 -0.595491638951 -0.372346383551 -0.516998744014 -0.570174725927 -9.19813173343
-0.150298314264 0.815677027767 0.0141192934774 -0.624159238369 -0.846056661238 -4.99422453059
0.392312290276 -0.234402471127 0.643661893171 0.319021537282 0.592482901083 8.80606983276
-0.456107921163 0.384717844922 -0.471876030613 0.878136958901 0.272748563067 5.38160974289
-0.350976399649 -0.460976275415 -0.618146829857 0.389281917787 -0.562568774004 -4.98647200006
0.190606531855 -0.470729946149 0.323937889588 0.629879457081 0.556050486289 7.75047498675
0.521702661862 -0.624555188615 -0.823230106031 0.397897656975 -0.263305572411 -2.71352581584
-0.135307547193 -0.937701814413 -0.48084710145 -0.932647192251 0.758371545202 -4.12011563347
-0.513206633563 0.114674339146 -0.922041358678 0.333694782611 -0.353945308492 -3.82575362229
0.795838373915 0.776236377868 -0.349418763277 0.801921791381 0.992315346998 13.4862118672
0.650831328248 0.68974269551 -0.501982527782 0.153404797716 -0.865488172065 -2.06294441191
-0.810164126357 0.997785224067 -0.346721501148 0.496367824098 0.613330106054 7.1479611717
0.716046542014 0.995256594804 -0.517007029486 -0.919298346281 -0.177616964011 -2.31235876497
-0.739838660342 -0.955148221676 -0.279146345717 0.56747650215 0.13236138245 -0.830156563127
-0.374444021579 0.308684010985 -0.535963639382 -0.971237107856 0.528706772873 -2.65063546977
0.247486169728 0.524605249002 -0.922123966625 0.674239255661 0.239052400073 4.18580289871
0.126790701425 0.249228096229 0.728866493737 0.173873013118 0.161900759776 6.75750129073
0.981358314132 0.513460334137 -0.115412389098 0.414794000066 -0.221539056616 4.78618373491
-0.542249075033 0.193703753776 0.856364196228 0.858279040031 -0.316189443789 6.31632843359
0.0553549324434 -0.57672820286 0.991262218998 0.962235815736 0.299017859415 9.95086036747
0.608828119355 0.430200322567 0.186316438079 -0.893304006022 -0.0904713148947 -0.755824960751
0.349572604335 0.355063227767 -0.253754763155 0.883383973316 -0.665285935526 2.17452009277
0.000718892431121 0.381767953102 0.394271611784 0.297277913538 -0.449423573096 2.51367622041
-0.687586862627 0.271880653653 0.198604232279 -0.641287979422 0.410278291141 0.490115014561
-0.0896560165327 0.335521183206 0.67473415954 -0.660543142846 -0.961710264006 -4.54678914355
0.558205172792 0.219394850305 0.399279139244 0.676309949977 0.605621869649 11.3869924213
0.921840293858 0.0718701577042 -0.0230087346802 -0.196225600219 -0.692617914312 -2.16957936485
0.145214465764 -0.445974951348 0.842615024426 0.166381608554 0.185680361016 5.26895438406
-0.290150678246 -0.896021296045 -0.936512469254 -0.153329711694 -0.830869243806 -11.7662791429
0.21369391108 0.761946011279 0.765829633037 0.318090820264 -0.577536337054 4.90178046715
0.725993662718 0.772186870626 -0.606692830094 0.474852171541 -0.426960902146 2.15427206177
0.605280624706 0.994475799807 -0.939947989341 0.794731731582 0.245261067197 6.87942175256
0.94676523833 -0.0699809649471 0.694775861143 -0.875211862803 -0.329441899843 -0.890019686689
-0.865966924498 0.950686266958 0.633947814544 0.705094842492 0.875930462868 13.4369731997
-0.82979302776 -0.228804814973 -0.857930221912 -0.5784137969 -0.541268445925 -10.9174010481
-0.0617855779048 -0.462875665093 -0.798043786364 -0.665017821812 -0.705448872896 -11.262155643
0.946153595825 0.518585013837 0.935522930539 -0.120519026984 -0.443263036675 4.92798060035
0.596586394418 -0.347492163918 -0.401233252589 -0.534988015584 -0.740642043552 -7.5730290525
-0.487073877966 -0.289360503052 0.347988416291 -0.874870315561 -0.578986120669 -7.29854390175
0.618047280583 -0.706156152832 -0.314709706955 0.729317843716 -0.690149377713 -1.63551977285
-0.834526328764 -0.03092400984 -0.395160977443 0.126816728968 0.607609780967 1.93727373382
-0.725703023695 0.161398169109 0.0110175207797 -0.711842427974 0.247996971058 -1.99437177046
-0.452719164278 -0.024331362912 -0.835455351446 -0.0808318855728 -0.387073063914 -6.04685163443
0.644762422371 -0.886042546005 -0.162785450163 -0.0831371517371 0.450012152598 1.26464256298
0.14857515018 0.334424674388 0.554098571304 0.724405947316 -0.372249006555 5.90535430599
0.0760454107278 0.680216156878 0.97890226193 0.779038622088 -0.257065474751 9.46114860174
-0.609666965563 -0.0212149251868 0.483282903672 -0.0148618584934 -0.0336382733727 1.3740139753
0.676460842164 -0.277192441866 0.719589349623 -0.186390398097 -0.343533788643 1.40654703488
-0.0920201776006 0.52489391735 -0.747995944272 -0.607161568256 0.902889651326 1.78018768644
-0.649016745237 0.135454635862 0.158628933324 -0.0207510758995 0.289490497154 2.37603375383
-0.540346548405 0.105324535553 -0.255653489506 0.323334519258 -0.717552913254 -3.4759783314
0.141754833679 -0.629459289233 -0.44271387377 -0.562580399353 -0.634324440262 -8.99457233376
0.651421903121 -0.428584864678 0.854247563729 0.93985305069 0.142520939874 9.98847035982
-0.713997754669 -0.250903513241 0.595464526696 -0.265218542606 -0.825965563394 -5.08073403567
0.113569821856 0.690241702992 0.591852774287 -0.649753719739 0.345529228825 4.48968262409
-0.558991473129 -0.563584930896 0.74814354661 -0.50066209452 -0.473505306964 -4.16050586688
-0.998693218477 0.741338068251 0.585189626418 0.254657870181 0.500531527878 7.84386479164
-0.695902865151 -0.0833528108248 -0.297561225302 -0.812446947486 -0.0277390295702 -6.06077797884
0.841479300685 -0.919881761899 -0.417078173012 -0.584918127589 -0.523706692669 -7.81183017033
0.816869103759 -0.0638618915314 -0.0674011741204 0.521151284911 -0.69101559199 0.632210709054
-0.0254692917999 -0.140029571758 0.193821381093 0.999115406501 0.538897788164 9.53322198699
-0.204268593965 0.655106104548 -0.658583273375 -0.939072627382 -0.591103255071 -8.31953463513
-0.319176887771 0.0211615149191 0.230258281082 0.821211434429 0.0197080191009 5.57046918029
0.00255128925146 -0.899513980354 -0.930176894688 0.102319923833 -0.123642773503 -5.64440396317
0.678360789961 -0.678640830576 -0.950056675766 -0.10192246414 -0.525042886495 -7.13929725454
-0.900771253322 0.449196573695 -0.776814000086 0.216639000016 -0.437900499666 -4.10541678382
-0.65300789929 -0.240496954161 0.602891552446 -0.215812846191 0.501539298422 3.3142311083
-0.749027406402 0.54554283933 -0.526133350187 0.354786259778 0.131563109682 1.59735026142
0.858289434423 -0.225354964049 -0.867669622331 -0.961689028897 0.653717121946 -2.31630692544
0.0494712753229 0.55048810367 -0.531148799977 -0.309832508974 -0.939792255577 -6.56210441658
0.922984649148 0.335735813402 0.866410175519 -0.469007185142 0.222927222451 6.31134484957
0.356999936585 -0.364900599485 0.696218470031 0.8943229258 0.769710235392 12.4940479962
0.478133951879 -0.44507064055 -0.436767915789 0.926720640892 -0.979431008129 -2.36899852536
0.432099946484 0.412492325111 0.2453790819 0.980217692174 -0.376241128473 6.72683488593
-0.320056272414 -0.842121194107 -0.114403726913 -0.47790294753 -0.313226595645 -6.89296534632
0.669143580511 0.870969027055 -0.62853385599 -0.254982136893 0.857261124231 6.30571487915
-0.876383078622 -0.815278943777 -0.674418021588 0.190425668254 -0.699055457988 -9.13847948158
0.936152762901 -0.106570945483 0.00303592070033 -0.506682768389 -0.0580794951305 -0.317154440574
0.323827265274 0.502354273908 0.50773616542 0.155782225388 0.808719549988 10.8168904408
0.634815694612 0.514096229397 -0.888788956639 -0.986244075561 -0.575105445609 -8.1250888006
0.327047187827 -0.177605022235 -0.195187481401 0.769173776459 0.791125696264 8.93315244322
0.818350528107 -0.37224384697 0.382111625479 -0.456733637451 -0.618780333851 -2.94793417314
-0.630735085305 -0.315784758273 -0.14008476044 0.66189834211 -0.760217813055 -3.02097865497
0.46985169479 0.0629098283786 -0.424109314648 -0.0143608309344 -0.400115860446 -2.04050370122
0.192163910477 -0.13231215429 -0.671188941842 -0.766833850889 0.0933913641443 -4.97118547886
0.804826066572 -0.312084626885 0.466000214445 0.31732270988 0.863109828619 10.3026716314
0.641962034598 0.133210517811 0.314060996468 0.796772933168 -0.200962430826 6.71788968939
-0.346410588284 -0.97837783273 0.653102148383 0.601961400807 -0.7910909638 -1.75228485999
0.153714762265 -0.0720366036662 -0.762581808982 0.961136454121 -0.570608225073 -0.576974602227
-0.865531639819 0.189694759004 0.477733354266 -0.935113107906 0.317435277454 -1.02199946037
0.0645837519029 -0.79346998225 -0.654952246107 0.135948594632 -0.407284772973 -5.63501709205
0.876631457303 0.637480458968 0.967134413027 -0.480658322099 0.939447265596 11.7676339267
-0.137532260417 -0.304962409372 -0.899300946061 -0.894469484281 0.384022511893 -5.95536788324
-0.0841420111319 -0.546956747928 0.22794061265 -0.4942837635 0.155263508689 -1.43722958081
-0.281582506035 0.647104453224 0.641392321534 -0.0452992037552 -0.29836178133 2.92705092698
-0.274880406882 0.611429051336 -0.343641034405 -0.581881252586 -0.830623316249 -6.9831839578
-0.0666137582312 -0.0357358021603 0.681817420806 -0.557522607108 -0.238017452663 -0.728882991239
0.616811477787 0.647247221498 -0.230777848042 -0.0817519534266 -0.393428218301 0.482924150957
0.865109756839 -0.762712468517 0.867498846003 0.367732903671 0.0631443053735 6.12960784273
-0.934681878431 -0.048807616356 -0.184503789995 -0.67756237605 0.312819207001 -3.26469840415
0.942301814737 0.124377622129 0.429506552888 -0.863099094868 -0.164666008366 -0.327728817124
-0.767283029671 0.225591671073 0.876964316428 0.323555464943 -0.846393903371 0.18948012408
-0.29066759003 0.101326758882 -0.193584487733 0.66728802095 0.62934200942 7.06079930692
0.223662040206 -0.253084109735 -0.489327252474 -0.788251363574 -0.290204633027 -6.95172187471
-0.173654965585 0.351645850208 0.316319648595 -0.859783720717 -0.209481369138 -2.58290060458
-0.636442265565 -0.686374589366 0.654604299474 -0.916169566567 -0.161634248196 -5.26424442334
-0.663592688467 0.758660431357 0.11408102655 -0.537238727246 0.00485457433275 -0.251946166898
0.462972719406 0.916236017839 -0.559107991509 0.772363544259 0.868608228335 11.5116886176
0.832841089064 0.270828713724 0.259641308869 -0.193578733632 0.504795764608 6.57761447426
0.0625880367019 0.354876142457 -0.143084192302 0.462992928086 0.648943035209 7.82609058325
-0.707127486794 0.665859431148 0.0805930635806 0.68933181818 -0.137396587318 4.52797514117
-0.241919029234 0.830121465034 -0.497661464903 0.688424650572 -0.0319588549812 4.2662506
0.0281908851025 -0.383063437021 0.146084401238 -0.349577607448 -0.921461171517 -6.78512600224
-0.456002789311 -0.987241913187 0.956709574114 0.931494419639 -0.209689405055 4.35244264614
0.456741708679 -0.308387803179 0.342186314172 0.610860086092 0.893512489384 10.7724406313
-0.199575448301 0.566595965912 -0.468143098736 0.980664607587 -0.948460802471 -0.359377170699
0.207057613002 0.319011963303 0.376091114148 -0.759224842422 0.877059566946 5.34174876207
-0.6376334419 0.24550680648 -0.554647841754 -0.385567165957 0.0929170834562 -3.12767116043
-0.165613162871 -0.679548798047 -0.658127195158 -0.163710423674 0.514565956551 -1.73353787958
0.795929293696 -0.831744675481 -0.213792184881 -0.799508872554 -0.966815038735 -10.5569787738
0.323437365288 0.204898883933 -0.67396177237 -0.532374333814 -0.952584492711 -8.81165433244
0.669894411389 0.949381192097 -0.729080926411 -0.537049572469 0.736819047894 4.00727511844
0.852927595912 -0.160745234386 -0.898755055462 -0.921216332614 0.147899732138 -5.09008400343
-0.214209782214 -0.942695144845 0.166504784625 -0.977394926822 0.574743916299 -3.02899699678
-0.387134354593 -0.919483993982 0.176704441966 -0.204631171134 0.947600826714 2.83654618135
0.0883973250074 -0.449521637926 0.418877729268 -0.457015994915 0.808486582815 4.06958017563
-0.250556058985 0.0997371255524 -0.898853792352 -0.147757524096 0.664727079322 0.452258944735
0.611297610727 -0.551362882293 -0.547841857979 0.634610624426 0.860796840339 6.71497330682
-0.809278157454 -0.0998827211475 -0.325091442072 0.741376910915 -0.83295017064 -3.5093867159
-0.577748114884 0.504936675173 -0.897412302038 -0.0149292385714 -0.115785930641 -2.9996971891
-0.331197642023 -0.210855369362 0.0598811738605 -0.677265283223 0.143991756567 -2.5778125734
0.6108646586 0.52032185958 -0.692200190612 -0.701501060517 -0.46365126451 -5.27551875616
-0.277850547318 -0.183088837183 0.359394433667 -0.886639135668 -0.930654591548 -8.68451309915
-0.216178874112 0.394327384276 -0.613129314087 0.283008962513 -0.480343724119 -2.1689103839
0.772172217627 0.791379888533 -0.405425591437 -0.540012492074 -0.177392055868 -0.467633060468
-0.51893682964 0.344767686583 0.652129369097 0.346184261822 0.648700894499 9.22807355296
-0.206015675585 -0.687366058582 0.475901894795 -0.279050989717 0.342541650458 1.08947300643
-0.458712116036 -0.837540730387 0.985163590976 -0.687596984139 0.976841987927 3.93367494754
0.954559865133 0.587636207816 0.318845924164 0.155614100502 0.732203090756 11.1187010974
-0.421120956761 -0.0646375750302 0.238779938733 -0.177619048261 -0.145027091819 -0.839292675903
-0.339430664996 0.128463633369 0.70114905603 -0.596943243987 0.868866077507 5.73960603934
0.378175307496 0.64654642536 0.11238138526 0.559033402848 -0.967599205321 1.13508721443
0.636760849559 -0.919722281829 0.779826752726 0.983925494477 -0.411865075646 5.08209888304
-0.579362887428 0.530726727716 -0.493947318159 0.731124766344 -0.794314815685 -1.65259992673
-0.748089607241 0.958303110201 0.34767779654 0.693774448858 -0.351341245297 5.13026607479
0.352967499041 0.188483654617 0.206300240246 0.365064919075 0.150718346258 5.82622159584
-0.141875261395 -0.448154611239 0.537162661826 -0.547455139994 0.384708612309 1.09141226468
-0.533334354701 0.250660339909 0.494156534258 -0.562572222187 -0.880113398277 -5.43160305324
-0.738052514012 0.211993934542 0.698892812451 -0.910006357529 0.468302518083 1.21523134626
-0.3173627081 -0.042943260161 0.857719099691 -0.336056990528 -0.069326132121 1.57107945671
-0.972635170479 -0.83680255999 -0.48281681773 -0.944295518358 0.262750652097 -8.53191897106
-0.147203286397 0.096290405456 -0.650705628207 -0.408135941127 0.327648949705 -1.68314387666
0.930605447261 -0.899166452796 0.780768641711 0.153762402622 0.127839133511 4.82263291716
0.000557070415521 -0.861211828192 -0.820246296528 0.201824011318 -0.318082857129 -5.76288361604
0.834536133155 -0.186818925281 -0.713437082595 0.429437667004 -0.413293157118 -1.0777034476
0.0509406147118 0.39566557101 0.800528222404 0.584382389603 0.352722135745 10.5292355946
0.35926636479 0.891849288064 -0.408351805007 -0.997775811608 -0.456090881204 -4.96475097151
-0.564217240747 0.323669170228 0.267423199531 0.186922765409 -0.967513113581 -2.95819902712
0.457556108901 -0.352939175029 0.330111978013 0.113156857004 -0.314538149144 0.855297994925
-0.730847465792 -0.811162204679 0.663036666224 0.836795084163 0.299576093529 5.73839710126
-0.793131770279 -0.195945566224 0.45787840021 0.55964176802 -0.763562755418 -1.12575433079
-0.999938562309 0.424274091761 -0.286807648028 -0.491037336763 -0.974205060421 -9.17470248779
0.080598813523 0.702301470852 0.915263292545 0.131489901227 0.0289226554798 7.76014064879
-0.829887229022 0.0977456030852 -0.240041842069 0.214270561767 -0.222547304247 -1.59063603371
-0.519401753099 -0.810069449543 -0.370163110822 -0.806710331424 -0.646206098352 -11.8604525454
0.974672317159 -0.111792886187 0.06374353301 0.747237057474 0.991137800981 12.5519522011
0.165428898689 0.624947642088 -0.346117951327 -0.388512085105 -0.194592558011 -1.28888685526
0.345014525347 0.36438337851 -0.369521130701 -0.733580151727 0.264792512931 -0.774051017627
-0.743348275622 0.156985016459 0.386844256113 0.401222992789 0.506944221319 6.57941581444
0.745718843131 -8.20160704231e-05 0.460498379059 0.238345470732 -0.626720120405 1.76459178552
-0.948620710261 -0.430917228646 -0.113932587325 0.234211888857 0.699918661006 2.72484795457
-0.607508566588 -0.748900420203 0.926959894949 -0.783910881247 -0.0430178597856 -2.93154037894
0.171127457587 0.0827488418149 -0.827935685934 -0.885946171993 -0.789033145078 -10.8851710335
0.171175367745 0.0886897752686 -0.532518415927 0.275548283691 0.640135004111 4.69689784071
-0.916842080307 -0.00374011290392 0.378620824205 -0.495376145861 -0.384458189414 -4.11405106829
0.227275805979 0.795870586887 0.619848840606 0.166260438199 0.460443435514 9.91552153913
-0.270355059584 0.281931056198 -0.0676368177449 -0.620127727085 0.403476547755 0.354756429547
0.112929274698 -0.282756836093 0.822678380157 -0.958131764347 -0.368453697501 -3.33307944499
-0.886237204445 0.533054632443 0.404214908228 -0.337295562527 0.351325804414 2.8650261352
-0.208125547608 0.512507582845 -0.0916326745266 -0.175440544337 0.869459830977 6.09429721939
-0.498241800219 -0.759105320007 0.169086226519 0.938643624568 -0.244321572546 1.62983403319
-0.875926472742 -0.321389465381 0.0118633086391 -0.676153986736 0.316204436113 -3.15211142407
0.99549877802 -0.0965210480371 -0.29054288654 -0.198591666331 -0.76970764321 -4.07194132514
0.766547202852 -0.170348688957 -0.22545117715 0.319380545861 -0.115933158138 2.02154741071
0.296466937616 -0.877107419738 0.627446687444 0.881007905759 0.297530772319 7.6616225285
0.909131857718 -0.69713537126 -0.0451676210393 0.203613467891 0.163473294842 2.54509422601
-0.197076441822 -0.323831181267 -0.746351954899 -0.216515098875 -0.674678369789 -8.48169996015
0.468731352984 -0.582338129011 -0.882869389431 0.104732275634 0.190459465439 -1.67461106798
0.743826122561 0.153963224835 -0.309038292553 0.606023763053 0.0805577863748 5.22685428293
-0.841439430738 0.131701120626 0.816037090843 -0.207374749004 -0.4073483962 -0.504591258443
-0.713061085964 -0.697108956129 -0.134457031316 0.191359648323 -0.838769189661 -7.13109406193
0.87913717805 0.51026723489 0.173247836567 0.656877341878 -0.839626486376 3.22869519818
-0.0463222445338 0.260186253723 0.657305812237 0.566939120099 -0.445861500573 4.4766641181
0.881760339118 -0.751308317138 0.750267237242 0.941880499209 -0.645692953555 4.34590945051
0.444132128408 -0.919428962444 -0.189154349722 0.0325665983953 0.161290451819 -0.496064326511
0.871874496497 0.344501374588 -0.0374440975615 0.619350072532 0.901065641909 12.1306209406
-0.955867702635 0.965042544512 -0.827735721873 0.628773558538 -0.439330494897 -0.819665835921
-0.735640684492 -0.120288720572 0.287913158895 -0.238096309953 -0.890869183435 -6.21619154549
0.198922279317 0.804806552221 -0.233569268105 -0.567334444738 -0.114845308134 -0.647756929621
-0.903274577902 0.640975168961 0.6526816219 0.176000926859 -0.293794222123 2.84434214024
0.599566728892 0.109374049577 0.6518646171 0.262917585166 0.568810946426 9.8621676793
0.197125986436 -0.171717863569 0.915891719852 0.0822276497577 0.210179037081 6.21487773285
-0.559024721171 0.251301578855 0.143215298966 -0.630323204106 -0.880825805294 -7.22785436221
0.20871863943 0.527384538701 0.046802741844 -0.546454749361 0.333043953386 2.45279183585
-0.839788546781 -0.116332590396 -0.673266483203 -0.63108189788 -0.595412101684 -10.4495228971
-0.226585885912 -0.897699588759 -0.204413118142 0.0234148942294 -0.0334114300673 -3.04731711993
-0.234431799194 0.678293216142 -0.709346615159 0.0113934875627 -0.875917166087 -5.46990596931
-0.857688642244 0.147731699354 0.132036849776 0.756067025689 0.11574735132 4.73078444904
0.91958204081 -0.9026103032 -0.803984630439 -0.911868276859 -0.629446299333 -11.42062453
0.0825402218834 0.291144362855 -0.908829684103 0.891941779691 0.684330753301 6.96888821418
-0.406775035686 -0.845624939547 -0.660225853562 -0.74611117249 -0.753432441402 -13.2424788151
0.0371233773315 -0.508305115013 -0.283720566942 0.979010666769 0.368628497851 5.5212734628
0.897961334094 -0.714886889934 -0.235721050335 0.109463606565 -0.846483876223 -4.82320742746
-0.991625112744 0.340868667594 0.283639033603 -0.178422380001 -0.0207118479359 0.157528924085
-0.169113998816 -0.95198991031 -0.329256787565 -0.645835489205 -0.803151621797 -11.5593120556
0.913440867779 0.198719450084 0.457312568473 -0.369272513468 -0.213705741012 2.12369334629
-0.526152012207 -0.806068658069 -0.641936725117 0.595028090593 0.355091610368 0.0674332160823
0.093857751971 -0.0498202542665 0.844868567312 -0.854530104443 -0.438798373524 -2.48771175297
-0.300124292859 0.564851624426 0.985029240324 -0.518658970486 0.748614668274 7.93281640607
0.661245520864 -0.550685204716 -0.201334839602 -0.180654261415 0.956441337053 4.70047278442
-0.638216197242 0.59831594221 -0.331614571654 0.461740691552 -0.159977991409 1.54089265484
0.156719526233 0.665223546652 0.608331129968 0.732846367079 -0.880765349311 4.12207395183
0.384101106079 -0.720025246556 -0.168362863963 0.0971768301094 -0.194521030506 -1.74656701585
0.039223351606 0.993052617597 -0.729565372574 0.350912090673 -0.207998067229 1.6459151157
-0.733980402185 -0.682526473251 0.898546212491 0.759202993424 0.81408392083 9.75916311794
0.983065551655 -0.583369219983 -0.289121325272 0.33843805985 -0.0323949202787 1.55735891985
-0.163220933243 -0.284377501329 0.187561263887 0.15118685728 -0.677084331872 -2.73590101975
-0.0565203249631 0.10694355242 0.140573877463 -0.579785614175 0.484542784505 1.77841415333
-0.949601810358 -0.290336288914 0.560425297071 0.127785842111 -0.477675134978 -1.75563289849
0.389906238686 0.134781888312 0.592487218913 0.47005037238 0.220215844072 8.22565394429
-0.0236446493784 -0.733635748665 -0.477333964229 -0.161801054166 0.198598574013 -2.77494622842
0.0274157104306 -0.423630948081 -0.987071284421 -0.00752155619837 -0.428748022876 -6.77444247931
0.469216601421 -0.952107469459 0.169655622612 0.882948475012 -0.651181465777 0.26838686531
-0.0567010184988 -0.817156016366 0.251363824523 0.101063361192 -0.185268951574 -1.16571169149
0.0427540429475 0.793149316938 -0.607411395378 -0.954870976589 0.723329769398 0.60093418864
0.154234164776 0.781316910924 0.193890446826 0.620322179919 -0.14065327329 6.68567210949
0.499719862577 0.82608293378 0.144245927444 -0.638429698875 -0.46240476994 -0.911904877744
-0.602710846205 -0.506285944809 -0.387169101298 0.110267573506 0.175983258928 -1.66571851093
-0.147000505516 0.230841559642 -0.836850148777 -0.824423525884 -0.656341079285 -10.0090410323
0.0361549960807 -0.572010642603 -0.433431193015 -0.199374327654 0.623732248021 0.368075142146
-0.972275728174 0.298757640473 0.337753062081 0.597311560713 0.865505878121 9.48232678569
-0.959724302101 -0.692432588974 0.772342588112 -0.082962875626 0.129181277867 0.452897270396
0.326054407446 0.358133208991 0.863480806633 0.993898834823 0.440314921862 13.7918153737
-0.42555758159 0.759504804589 -0.901558170918 -0.537838294251 0.794771434927 0.900603705222
-0.487616971121 -0.558697880757 -0.72374941372 0.718223515294 0.000116518382173 -0.954508552628
0.349786406108 -0.52186723185 0.516080842022 0.520011089924 -0.374803950183 2.54952623328
-0.178634733979 -0.58061944514 0.953122046646 0.291205154117 0.869087761431 9.38391272238
-0.393228912742 0.563781825994 0.531717287769 0.383311303733 0.931277950534 11.5359810254
-0.212889327787 -0.73856535282 0.343417718488 0.458619600954 0.150121146918 2.92602104619
-0.586364213733 0.00891188333871 -0.375620526862 -0.145066943667 0.290437151689 -0.631186693094
0.490429485382 -0.535550618197 -0.189349278706 -0.461676858017 -0.602736772276 -6.30799492239
0.566774439992 0.818505388874 -0.259535628631 0.502557848748 0.793990578729 10.8276552482
0.69224842106 -0.634373222922 0.912583763027 -0.246647119141 -0.321518677652 0.969364563844
-0.875137345444 -0.0276526917902 -0.781972768718 -0.502920358145 -0.366114756465 -8.67241417065
0.617652646983 0.750977300792 -0.395067365077 0.717396242489 0.71446187474 10.7817201969
0.52930190077 -0.70660977197 0.380645693801 0.890048129161 0.365080957534 8.10208365185
-0.336766301784 0.00115863486166 0.291450086702 0.021140817457 -0.760094116538 -2.95911696412
-0.375871910696 0.604792061107 0.722836092191 -0.725399934569 0.904773504797 6.75561808663
-0.342354764303 0.324627477461 0.503650291913 0.623892469276 0.891499404452 11.7722328445
-0.374160903942 0.717012909103 -0.736626193128 0.410081812707 0.483955459028 4.41035396462
0.355446482403 -0.49537052773 0.74608629403 -0.662283073259 -0.892730416958 -5.45867131031
0.434929981224 -0.0490485695345 0.698196039917 -0.233205717883 -0.663442822985 -0.631187113811
0.67288438494 0.0978192632801 -0.621608415219 0.440767997173 0.022227276979 2.48999654658
0.208625964481 -0.0782033235868 0.657417967636 0.659125431366 0.418777643649 9.62060684747
-0.789197245207 0.677707723808 0.342025961066 0.394048332009 -0.274034319192 3.14886827016
0.758559112314 0.45074320047 -0.774819066942 -0.184443931188 0.77276072392 4.48441624585
-0.905606596605 0.922833239284 0.358325136639 0.262751955287 -0.458881487024 1.95105792549
-0.502416422522 0.884116438977 -0.403455091532 0.551010593438 -0.213756403586 2.50621065144
-0.721491858431 -0.978569404609 0.0885146740305 0.951557637098 -0.261727612382 0.162789276633
-0.285615332014 -0.311816764301 0.0410876746097 -0.118670233151 0.759829253454 3.62329409647
0.011041583447 0.0155156763771 -0.723256810559 0.965479081821 -0.500054218262 0.00267305331964
-0.853271865081 0.32629249795 0.190732740314 -0.169708692015 -0.155615532239 -0.74697192856
0.570127842093 -0.608574719801 0.64050663789 0.29749422779 -0.162060452441 3.39166650065
-0.0839427668323 -0.486705585628 0.504228665394 0.0257494846105 -0.3582909145 -0.632085692921
0.192100231522 0.991468904103 -0.129475440687 0.841382801557 -0.309966320151 6.18782149949
-0.89053458615 -0.591515787263 -0.162609713345 -0.560730142811 -0.999545923563 -12.0069816429
0.830003075495 0.687758822462 0.484584462974 -0.664370808708 -0.75927284758 -1.21587065875
-0.864790501055 0.448058377546 0.857615921376 -0.138928358174 -0.761718656008 -1.21989591089
0.0247856414642 -0.302336185083 -0.2503501513 0.242661248311 0.437436226524 2.97908572318
-0.778792802254 -0.928819538387 0.988660605371 -0.534543302169 -0.892338950183 -7.41615201013
-0.620249341808 -0.922084307303 -0.216378210766 0.604803568903 -0.317511100485 -2.75331320698
-0.111633186243 0.351173547135 0.0177881401398 0.722891372043 0.732071350092 9.90829179024
-0.980178609018 0.556092612966 -0.0785327995167 0.977681082607 -0.0335358482491 5.08097974634
0.973791890777 0.509138722411 -0.502790230773 0.0767899585739 0.984271278957 8.75341649231
0.715061215504 -0.805266212418 0.41274399362 -0.308840828258 -0.986035476239 -5.79511723049
-0.193038061946 -0.53049115655 0.637738541041 -0.325338782308 0.655047387908 3.87699498653
-0.99880412233 -0.384361699948 -0.517669571384 -0.532865277863 -0.863626760469 -12.0674585822
-0.625751459179 0.111099139771 -0.417277854325 -0.165210435342 -0.246266239306 -3.89096652888
0.75180985 0.810597998021 -0.0140860566883 -0.339688099369 -0.786398591995 -1.53776258151
0.906805758764 -0.879546110199 -0.404699444863 -0.40386759766 -0.35919742772 -5.61834714714
-0.671426313455 0.566322861847 -0.755004276068 0.269813318306 -0.752307946588 -4.82868223364
-0.858928724814 0.818859007372 -0.619742467363 0.642500309119 0.0892617422143 3.00782170192
-0.844286960782 0.910896382876 -0.506077666016 0.719290690705 -0.662379988431 -0.358021914061
0.707885764284 -0.973542374189 0.023560913139 0.538885158843 0.869591034986 7.50136006268
0.818404272413 0.639249739095 0.776382699323 -0.601560628326 -0.431631408577 2.06249696631
-0.422062950158 -0.245892137997 -0.21335865923 0.0891106493094 -0.680240473267 -5.07112654428
0.382493327572 -0.664866921391 -0.379383035791 0.00669026121231 0.592881123047 1.84359179215
0.478938466477 0.291068712821 -0.68845347884 0.0940906912312 -0.8251069964 -4.40291936619
-0.245273646407 -0.17296693942 -0.920377121108 -0.45202380106 0.911298934533 -0.48328199361
0.907265215659 -0.295345891495 -0.913799782103 -0.641810121344 -0.215564413133 -6.2291434571
0.895559395938 -0.717601872926 0.527031687336 -0.782634921251 0.962515154783 4.60835624489
-0.236767001782 0.550469077798 -0.314817834378 0.255337754318 -0.61596783052 -1.50051631921
-0.707957961406 0.876128279136 0.835294555809 0.774937880426 0.250866900333 10.933537942
0.616536422433 -0.861926126177 -0.330421916219 -0.372593750486 0.271290643905 -1.90961808754
-0.288084453059 -0.702986436713 0.192934150827 0.628767841338 -0.23575301108 0.815929527263
-0.735462569803 -0.606623605374 -0.525033389661 -0.400204814011 0.285590141013 -4.67841273835
0.201890969075 0.392159723134 -0.274996030937 0.64799530376 -0.591824677688 1.16930543647
-0.0619185049637 0.601877443083 -0.639682704535 -0.780273772518 0.767367935376 0.825903250846
-0.314140674482 0.367740249818 -0.949302791472 0.380093776819 -0.367797376906 -2.62858714274
-0.888518292825 0.219625523096 -0.518392367854 -0.226385515896 -0.838838375427 -8.35668731982
-0.70567349781 -0.404045529008 -0.82048099888 0.821652529373 -0.987905913632 -6.72458041309
-0.0322795622714 -0.753505083735 -0.384641821044 0.852119119637 -0.676610893452 -2.66271142245
0.931664639437 -0.588411246021 0.483132216934 0.0933545297946 0.768957455194 8.11114178868
0.107986511006 0.0691184383126 -0.609083999263 -0.667541275897 0.832978302231 0.6471557738
-0.3443236023 -0.255835490074 0.519647316857 -0.322353035154 0.904124893278 5.4354197765
0.475855537998 0.194858485147 0.76179032109 -0.900788183301 -0.485874615622 -1.83574079444
-0.0699273315582 -0.546042921057 0.487810374604 0.838416062107 -0.152459760138 4.45057982184
-0.315734799776 0.923101464275 -0.110295134345 -0.0219031991014 -0.296700255316 0.806936728489
0.819096946024 0.137910966564 0.524349174363 0.623613436702 -0.316301916165 6.36957917571
-0.132611337359 0.696943548813 -0.273489296648 0.587870266904 0.881984645149 9.96290999054
0.246420746136 0.483254574904 0.610194624082 0.690079297793 -0.209893324286 7.57442025656
-0.897473081648 -0.196247457527 0.347512459568 -0.0992992284384 0.497926301721 2.49742297053
-0.286035141063 0.269488282208 -0.627160390292 0.49873887329 0.0913919376261 1.76979899554
-0.591871222907 -0.416177653004 0.497217417164 -0.034797528677 -0.567937119214 -3.02501609484
0.934542380741 0.430250039634 0.91426966508 -0.145789909279 -0.0497993186166 6.7891680826
0.79591043237 0.0500986804908 0.414557823811 -0.495654245009 -0.106547062595 1.28279460084
-0.753100268379 -0.588039928246 -0.998113169465 -0.921469896703 0.954567646354 -5.14271660475
-0.515292609726 0.326621419008 0.678199397599 0.101320918473 -0.693710999832 0.00641522134107
0.456232874672 0.200502820199 0.462501178695 0.539493245714 0.950820735369 12.7663695655
0.147126560053 -0.316717774619 0.2969291138 -0.863118581515 0.794794636643 1.98499116374
-0.761237977324 -0.344314324228 0.631490761252 0.194624756661 -0.212728959445 0.667294144313
-0.05312868125 0.709094786404 -0.31999122788 0.739299369624 -0.823731138047 0.495172105034
0.553596874417 0.695095266109 -0.636364694325 -0.139306935256 -0.669000450673 -3.06351661045
0.413208257988 0.0706955361233 0.270646693417 -0.607026066088 -0.576508275895 -3.3730900878
-0.91700534898 -0.355864929609 0.119489322667 0.715869827995 0.333854894917 4.15883031336
-0.1292073532 0.906240228788 0.438490401152 0.860330405725 0.0551759465443 9.84697529246
-0.482191450414 -0.894346627271 0.452169702968 -0.757394003989 -0.394449743456 -6.99241245145
0.0649418157678 0.128833175559 0.201166393974 -0.667489339301 -0.240525190357 -2.45954910453
0.234388454234 0.939637729268 0.455262275399 0.845207514188 0.524424116628 13.4813214686
0.183433937785 -0.615953261727 0.333371303785 0.24675913192 0.204938340915 3.31591901061
-0.0204282640235 0.0573132079786 -0.331114945764 0.0386253852846 -0.604888188643 -3.6295788926
0.610348794721 -0.628446090603 -0.830067420221 -0.127507947286 0.316614879012 -1.72276082561
-0.124566350133 -0.446491736097 0.116342367781 -0.305995329176 0.865735380253 3.54119719821
0.845290279207 0.00474363994419 -0.344232011963 0.474264827913 -0.926574113034 -1.86023710824
-0.0504619879127 -0.327353211459 0.841071770205 -0.975993945455 0.105629751437 -0.964887748036
0.481327162133 -0.0299640249519 -0.829193939675 0.944922780056 0.0360208627522 3.4967255675
0.228372488638 -0.526780434585 -0.0330038297864 -0.141701016083 -0.850208315996 -6.06536662202
-0.787679292905 0.674945039238 -0.520360095587 -0.610083457003 0.00982290250028 -3.62344372046
0.537494262725 -0.876106962842 0.153615839277 -0.761579114319 -0.927077898349 -9.30923196766
-0.894512095676 0.668328216417 -0.764055032744 -0.909697271175 -0.124200225714 -7.13394738324
0.687986943884 -0.475183247021 -0.156574764948 -0.920154934872 -0.10184297173 -4.88770741783
0.155226161274 0.141814107504 -0.335146615651 -0.368933638674 -0.786752762127 -6.16987658367
-0.266403358707 -0.801010662254 0.533191889424 0.932548595496 0.940148913333 10.500565311
0.730142198751 0.201584298679 0.401731394488 -0.429588394639 0.261540840345 4.09326594037
-0.0887009011202 -0.0359653204461 0.51555312075 -0.436163288805 -0.363920776611 -1.58742638427
0.849283582257 -0.887551410298 -0.0287314031733 0.825601600816 0.220726015636 5.37335141882
0.0928141484243 -0.500511641541 -0.313449021871 0.704096831609 0.118436263537 2.66139902401
0.0294843875136 -0.80084057292 -0.96794368709 0.927370377374 -0.246027665426 -2.05464179778
0.206426124199 -0.840569853625 0.366228571446 0.865133417412 0.151330505995 5.58970709633
-0.747769355249 0.163443054947 0.532694426209 -0.187166926852 0.759675495883 5.74778650022
0.297365906715 0.798497836578 0.247010622495 -0.73742405599 -0.38061657779 -0.992551933546
-0.596410103495 0.817652995434 0.520800134575 0.35279673782 -0.398067360737 3.71891884229
-0.6319104559 0.512902175978 -0.0516841082418 -0.548420895699 0.233243956331 -0.274491557343
-0.919332295723 -0.347659491743 -0.0628860108177 -0.704083331781 0.969308955182 0.162249962237
-0.581805270821 -0.739293739913 -0.592930252226 0.538122266319 -0.148988681456 -2.95653352743
0.130831879505 -0.957981686027 -0.931137382853 -0.108348900346 0.633310486403 -2.0787124138
0.770477757415 -0.826586864809 0.076726204202 0.826459372559 -0.224054491204 3.15606965278
0.659131662857 -0.732608691201 0.870788979336 0.502846635063 0.882668785574 11.4138390582
0.353234467105 -0.273192136001 0.876362345049 -0.448866447382 -0.335654955877 0.134079934237
0.401616836003 0.530632599051 0.858806967698 -0.590395181888 0.595996070438 7.45435985315
0.477092106794 -0.872410887493 -0.22555371758 -0.43446908588 -0.391019151292 -6.08372365636
0.965893759109 0.28555482696 0.435352315587 0.95323527463 -0.245596435085 8.82245902409
0.603680336906 -0.130938073391 0.73906734363 -0.638684917377 0.895372354129 6.94962536604
-0.562456583178 -0.347558986038 0.512384468214 -0.212489716869 0.216422753533 1.11803568523
-0.110852997861 0.48473987418 -0.543337495263 -0.883084025526 -0.400141205054 -6.75710371219
-0.0513826702631 -0.663959895615 -0.290405420687 -0.200033963413 -0.885216312623 -8.56773440292
0.166614496368 0.768686855943 -0.696514174094 0.195616026803 0.329478409822 3.80818345713
-0.161330639161 0.402195174729 -0.178536913018 0.00927457595487 -0.985293910891 -4.69561399178
0.383440228269 0.322685357889 -0.923198245347 -0.26349978521 0.958063681583 3.47302671227
-0.158526874863 0.00389081026368 0.819860316319 0.434523751732 0.164140262248 7.13152027849
0.595609362682 0.728732532912 -0.0862238565255 -0.0497832701363 -0.227898128696 2.41621577514
0.933412280037 0.394332508581 -0.833553867584 0.725919246626 -0.0388801183275 4.11192213865
-0.862492187155 0.0994345103266 -0.165671442049 0.755498809725 -0.592010792781 -0.863937319586
0.652929218984 0.115377382371 -0.890779393573 0.943690602651 0.0252304882064 3.95870895328
-0.418246291537 -0.0611863160215 0.715715567035 -0.39019375123 -0.614647207027 -2.79604126131
-0.741857506138 -0.40428120322 0.56009617408 -0.0567472696095 -0.545036792613 -3.01013102934
-0.667630000781 -0.334541046979 0.879848745771 -0.31394657482 0.976248151909 6.46826787794
-0.0295390884693 -0.64167216342 0.782280183587 -0.0792892537303 0.419342687009 4.26463592055
0.967423166418 -0.89964929936 -0.806610880425 0.440913482926 -0.436349993409 -3.40407763277
-0.6313972061 -0.921276240361 -0.956306576028 0.54897120624 -0.731133145261 -8.49379227776
-0.0645587680577 0.211793630359 -0.143296398862 -0.945786695328 0.567003005176 -0.39383768607
-0.978973550917 0.523779788755 0.786608987576 -0.134320157886 0.0710849461956 3.51473710248
-0.0460332147647 -0.221582762753 0.774849070741 0.78786702134 -0.328367270717 5.31171304757
0.230139508029 0.853815124292 0.924116997883 0.0179180808441 -0.0943503894313 7.2416804481
-0.442611368143 0.917743746381 -0.714371391054 0.159659152095 -0.434899464963 -1.80057809066
-0.441983419304 -0.190062825248 0.997585871631 -0.89006738632 0.157083636407 0.0283530590142
-0.834855683929 -0.690958340019 -0.120874116454 0.0209202626929 -0.482415183271 -6.01597263989
-0.367085738251 -0.826065959488 -0.393560432311 0.933116878761 0.889414763345 6.21546188966
-0.330243419726 0.141707872558 0.819190782222 -0.987632354718 0.621367140675 2.83144097757
0.896739105578 -0.817348531333 -0.677104627934 0.921492605543 0.0750802872807 2.69095885682
-0.971606731057 -0.484736002473 -0.100112651462 0.38581782205 0.466320756274 1.92914157251
0.990843025851 -0.424977601232 0.076440203737 0.0666470957192 -0.188709481106 1.21349265492
-0.661676212315 0.954913126368 0.706634373333 -0.00333394341153 0.206490845368 6.59019980296
-0.545477892881 0.0875741407835 0.389940266243 0.0303340567732 0.98057034117 7.76662003245
0.222683312495 -0.258052574816 0.544304055232 -0.659074976837 -0.230968372587 -1.83275999824
-0.306082099245 -0.136385809784 0.563559651857 -0.0316539356732 0.588028900532 5.60282070441
0.15297780628 -0.315861130685 0.619957487367 -0.523420658894 -0.5512340404 -3.0863053669
0.00900584810967 -0.478301508076 -0.981825930098 0.296595054598 0.0221876429448 -2.72809541774
-0.108964371014 0.933937029237 0.142398367926 0.726863155579 -0.72109952759 3.46119442974
0.138412926259 0.735959253462 0.16621151456 0.436028356254 -0.255912864376 4.79421426616
-0.815100965926 -0.0841994097459 -0.211041218322 0.734120364758 -0.512009395295 -1.12841958236
0.93346845507 0.916276239609 -0.504736713857 -0.303896089045 0.791111481748 6.8240072188
0.933244441792 -0.113121794328 -0.358005908718 0.0521880265031 0.375538412731 3.60927047463
-0.45305096925 0.472946349238 -0.896685285771 -0.901411014471 -0.227424589709 -7.94560664448
-0.293053615879 -0.368733569266 -0.0179604746622 -0.358532835377 -0.615484163064 -6.24971899347
-0.381060901823 0.94980854562 -0.17777316601 -0.110574446283 0.153089979902 2.74187881717
0.966681536828 -0.516797447128 0.362564221065 0.431969387083 0.214648833586 6.28096755346
-0.822843320727 0.353744551655 -0.871810577928 0.1922852991 0.479162354443 0.764705323961
-0.57806021876 0.683244015086 -0.939292388934 0.687625727317 -0.0793418987145 1.0985192963
-0.564824120137 -0.732443710012 0.906614335165 -0.854668824838 -0.601813160128 -6.58474511461
-0.304355305134 0.240469697922 0.0896021705522 -0.748713015175 -0.420544032524 -4.79572210531
-0.522496457828 -0.572914291019 -0.17771132704 0.408062905183 -0.565094135566 -3.82483138435
-0.266642240594 -0.218165146318 0.952913058871 0.909332713758 0.600275165504 11.7721868772
-0.516682158362 -0.863925371817 -0.366191724559 -0.466410901132 0.0118516002928 -6.35085223431
0.555455820136 0.716645877758 0.689728170821 -0.280648877554 0.374468686921 7.86332969059
-0.374331604952 -0.87818891353 0.403130531206 -0.98034489486 -0.181634825083 -6.76224125047
-0.341241461396 0.386755077038 0.532490945521 -0.391810728057 0.62325402889 5.38821662346
-0.41216647899 -0.107347280027 0.454037054028 0.38584045845 0.974736944624 9.44739737805
-0.549677951568 0.324635827079 0.219363816552 0.83019690898 -0.68727571671 1.77933708895
0.503596327174 0.136537232538 -0.450668260424 -0.0511301717057 -0.33244680586 -1.63620038343
0.158626805577 0.778001221629 0.138609968824 0.263444836653 0.0374956942294 5.74789549998
-0.897668987109 -0.534282886248 -0.0159965411358 -0.379529432511 -0.636472804478 -8.17865678692
0.00826568383688 -0.354380413104 -0.483784713653 -0.0720291651192 -0.733431483836 -6.74248345486
0.855491466151 0.735404195838 0.415241171481 -0.787572344823 0.551754508939 5.95082553526
0.615914656218 0.535529235429 -0.772068225762 0.287815914136 0.668649591499 6.20112123535
0.154706802439 0.292814750456 -0.0832730411474 0.0574146397681 -0.931246283297 -3.44563880928
0.277926043947 -0.837105574218 -0.12997081132 -0.414689804665 0.0908559004234 -3.00366150082
-0.733167328954 0.383286803947 0.590023073857 -0.673291100514 -0.791373825296 -5.07108040499
-0.708969034425 0.754255123797 0.0563785235127 -0.065478007985 -0.786576361795 -2.97650681411
0.299112013514 0.73599918379 0.656371738647 0.252109417962 -0.849442566697 2.59560022261
-0.775205945648 -0.90138202578 -0.485041567015 -0.728677065679 -0.479903919495 -11.7175330821
-0.229883888562 0.885965568142 0.220752119563 0.669947571366 0.420703001425 9.95509327093
-0.774993738947 0.471840812748 -0.449802236882 0.278215693989 -0.318076052714 -1.45105183351
0.995344526529 -0.472897041006 -0.441739058451 0.861344511125 -0.950711190727 -1.59250289251
0.393377975746 0.450652781472 0.672757154821 0.948878621277 0.951203838313 16.2813590515
-0.869446484867 0.643678645506 0.292619867315 0.294684268746 -0.743300146771 -0.62375710085
0.300374332891 0.964965161202 0.823637139079 -0.12173867839 -0.920104053428 1.66087499319
-0.27541302 0.652780623201 0.40299820293 -0.0813126888121 -0.889796929682 -1.72583638083
-0.146210544353 -0.0619501205642 0.857111065788 0.282172207164 -0.376694166691 3.10086884843
0.0506365289014 -0.867889384356 0.945136471299 -0.279880196139 -0.0442652901737 0.613158068199
-0.289432051526 0.365023460232 0.324464316659 0.430644621058 -0.463713540776 2.18500540492
-0.368663037672 -0.749497537808 0.311019943692 -0.920405745329 0.195364671047 -4.17157961436
0.739391769703 0.781664296579 -0.10192447926 -0.0813926235739 -0.846061633984 -1.06725440967
0.341530050886 0.642518840746 -0.510689890791 -0.157398236733 0.677678673531 4.84693791836
0.754240935325 -0.513640039472 0.101141269083 -0.615013698728 -0.796242471721 -6.4803964954
0.822241002784 0.641015008464 0.520069803606 -0.902467362374 0.687457585421 6.26021494604
-0.123911848189 -0.315209753408 0.0929527220508 -0.817293514553 0.513293098705 -0.828351048936
0.164870153777 -0.626819806254 -0.623535600462 -0.631502696855 -0.885995224896 -11.5183463467
0.175596898743 0.680696355177 -0.965003572025 -0.901990710057 0.145540553374 -4.10344165513
0.638991370772 -0.346522218863 -0.300771202385 0.192692994994 -0.451574221752 -1.71064908012
-0.946783267845 0.470457036203 0.251299825883 0.161511998111 0.483368257984 5.23077341491
0.350461675124 -0.588236023643 -0.295037906113 -0.747779716643 -0.740285973164 -9.42455076733
0.352391492713 0.717200213965 0.925465167722 0.256694235099 -0.631797353278 5.05093135404
-0.788699309102 0.625701943074 0.15751295272 0.236570042027 0.562924177509 6.49015429709
0.406554455465 0.668916505712 -0.88757218908 0.495041273493 0.701705514644 6.95500912708
-0.427729915083 0.280894547987 -0.371675872326 0.915942132965 -0.933152855129 -1.51868614146
0.159585687666 -0.666992905901 0.424440410354 -0.648219433163 -0.529233476203 -5.40054372399
-0.0112583779085 0.829669899994 -0.576571255704 -0.711519957764 0.517953663708 0.710330114777
0.00123906466786 0.823570224764 -0.70677088568 0.291855786046 -0.534241707696 -1.10006605504
-0.686479142697 0.366858830315 0.187369239817 0.509654916725 -0.381074847108 1.7389206658
-0.104056687236 -0.189056647339 0.968178927933 -0.415502086521 -0.410365523306 -0.442271177202
-0.290903582343 0.129188162581 -0.495354511473 0.830579880759 -0.468628870267 0.165465459354
0.79163146312 -0.793049872707 0.313125404799 0.813971036876 -0.662501123204 1.55146337248
0.936653920199 -0.094233279169 0.891430216882 0.35364008726 -0.396826260253 5.5435717452
-0.623394950166 -0.39252990755 -0.813965181475 -0.712264067313 -0.790679119307 -12.9856354013
-0.154112912517 0.591156752515 -0.717232891567 -0.739359133655 0.286857899035 -2.37933540783
-0.605634036064 -0.804779923782 -0.666302843589 0.847462791754 0.642942505552 2.80414977425
-0.29187087529 0.311641534655 0.0745513473361 0.354248526965 0.365342304926 5.61268470711
0.25746803012 -0.467797262925 -0.921987158474 -0.0888664360198 0.781947769381 0.670950073756
0.138994517037 0.664782083404 0.983248685922 -0.672767591723 0.383555278284 6.14282373906
0.3485871474 0.959910894717 0.971201467906 0.373357223448 -0.512770416036 7.2518764716
0.597111676261 -0.785941731578 0.561398608343 0.820392248289 -0.234333210463 4.77795456983
0.261270589966 -0.139714535806 -0.124469890024 -0.379258221784 0.524259240901 1.8547823489
0.872353128333 0.881501718469 -0.65043743025 0.749487299313 0.474862882854 9.38407548476
-0.494325198619 -0.865430774157 -0.464005466231 0.824416473563 0.266357349792 1.27926188193
0.442109321796 -0.485695297782 0.43877631115 -0.943756987444 -0.249357308454 -4.0326907931
0.253506697085 -0.707806868917 0.646007148894 -0.529937402376 0.304562225637 1.14530772493
-0.189605714849 0.192087190955 -0.785098894742 -0.966174400157 0.819128854761 -1.85944430802
-0.460739982466 0.639354005561 0.998700600944 -0.577137484002 -0.469658517633 0.287745929718
0.325719575269 0.930897269201 0.831628696381 0.00575104013117 0.590220565053 11.3407243346
-0.7285082938 0.954876368408 0.928706468072 -0.672542084242 -0.401153750394 0.352805466341
-0.799690004986 -0.456564802204 0.63191157883 -0.243368785669 -0.823206065706 -5.59750842385
-0.315548950442 0.962766668483 0.259367190518 -0.167678107188 -0.666922973005 -0.545257507334
0.972353594567 0.641698018526 -0.437045395098 -0.859862608558 -0.886748885245 -6.49818668994
-0.759243700989 0.161537167229 0.857526842411 -0.00651314398803 0.685890964912 7.47901153889
-0.10822676028 0.417167091536 0.463745474573 -0.652072588193 -0.277567882048 -1.03574058092
0.274604313076 -0.858606783631 -0.276919624474 0.0695989325624 0.992448986089 4.16839835671
-0.0509328747551 0.632113514229 -0.135865429867 0.592781445239 0.19082960324 6.35989791935
0.773190883005 -0.1781148953 0.208608839643 0.260037361238 -0.165234116399 3.15525454648
-0.711375912625 -0.812881186175 -0.966656898801 0.74706852849 -0.527050175523 -6.15498138966
-0.576986501436 0.472070800852 -0.359967773825 0.0120893848237 -0.674977869405 -4.16705198793
0.919491442924 0.703162800034 0.72757924593 -0.186452502856 0.524722427414 10.0748603199
-0.71224768922 -0.982761994816 -0.960054134844 0.173203474809 -0.0892101895041 -6.88224166525
0.036030697817 -0.985073719166 -0.154626760685 0.436136322402 -0.114612596065 -1.00866076899
0.464438412624 -0.533962071206 0.626284008963 0.176862480907 -0.57847380114 0.245596245177
-0.526559048292 0.256060929139 0.659879186425 -0.168744435942 -0.483399141745 -0.389535593645
0.734023213821 0.338536583502 -0.103829025434 -0.0241996094414 -0.591487064127 -0.601580355558
0.25360526013 -0.282514978914 0.991290353349 -0.0396329694762 -0.0282287876208 4.25728942381
0.131703574821 0.833512006237 0.60163619972 -0.0977398604043 0.437398531946 8.30617985689
0.172470997562 -0.0152659025975 -0.615368454431 -0.0721274730902 -0.508362825955 -4.57314385157
0.829684299703 -0.329186373007 0.904528029067 0.0661105801894 0.263088757352 7.19900704171
0.0858808889787 -0.741238766067 -0.248357561984 -0.801707775445 0.245908088367 -4.5784751152
-0.106251609599 0.555969943142 -0.559059038001 -0.670867883141 -0.187335538072 -4.25918218592
0.853170766437 0.420843630025 -0.162152750414 0.0345443395086 -0.831573977646 -1.49646074704
0.969151792752 0.33281460939 -0.429191863073 0.17161678843 -0.781035267862 -1.60814770364
0.931673337615 -0.650430024233 0.29606063611 -0.509091074922 0.435122765297 2.16158036414
0.553642734481 0.346839457823 0.22899892051 0.784938187904 -0.84274657802 2.93201099587
-0.33817046844 -0.503425040738 0.976027924131 -0.221220440666 0.465225398481 4.40274582498
0.369450327762 -0.575837525045 -0.522004639577 -0.437430872894 -0.177745443481 -5.33025750328
-0.531349868699 -0.960697034506 0.758786113614 0.931219662762 -0.316859225937 2.84529657173
-0.322986241149 -0.985816374451 0.360501376661 0.650879791497 -0.70678339928 -2.1477175372
-0.680667301266 0.580166499943 0.232581496708 -0.910278884745 0.245093980925 -0.771339654045
-0.382164554312 -0.262549689058 0.539462836594 0.621870385345 -0.19928674632 3.51950461938
0.894305872013 -0.187074564096 0.54367207046 -0.0322454708715 0.795064653044 9.01123689749
0.8155224873 -0.825166384258 0.87298666262 0.651069683041 0.582621428625 10.3985694593
-0.598177320629 0.610238417509 0.70026546937 -0.421699331092 0.904520156725 7.75404677364
-0.900279707202 -0.700181493506 0.075162276103 0.151584942245 0.290300166602 -0.100729079674
-0.966061741369 0.920733549244 -0.910823814532 -0.713876094553 -0.971970964948 -11.2144243556
0.133716866588 0.864533767842 0.331894332161 0.645314936961 -0.973437593083 2.57456149165
0.0840305969595 -0.080874044989 -0.00206411155841 -0.85557362933 0.368870722139 -1.1474612011
0.00644082971727 0.530297699723 -0.0294187318766 -0.701236727547 0.296513908156 0.758999642294
-0.65522727579 0.74478912671 0.226232478138 -0.685592232886 0.924676114962 4.94893826645
0.0367309266706 -0.854203096257 0.25366580883 -0.493602185974 0.607386903755 0.701826292547
0.635644147132 0.957894711709 0.00373906204901 -0.0900862405445 0.506951210893 7.75120474022
-0.735058687316 0.0938310275862 0.0924952002617 -0.821053754379 -0.164031828986 -4.90810323664
0.706569597134 0.712307243989 -0.801524670161 -0.818558234504 -0.474609045996 -5.5964832029
0.749532125108 -0.742194829853 0.439993605255 -0.797668760774 0.246275707496 -0.478235377219
-0.287865401762 0.577827925932 -0.532619102349 0.27840365878 -0.528634930848 -1.75251472632
0.427320566224 0.747356069121 -0.746396401746 0.733191377191 0.187150508829 5.89998367175
-0.745779018266 -0.144916289281 -0.67827941303 0.400695777733 0.517736268836 1.47047194519
-0.788406959454 0.0122797053893 0.629250112052 0.872326083102 0.0270357334835 6.50087046188
0.900558447223 0.0713779409121 -0.2116190108 0.696406257106 -0.0140345790838 5.56659848501
-0.056194978871 -0.0193750211803 0.693570003739 0.663883083376 -0.19296001512 5.76542031984
-0.333400280259 -0.0161439519217 0.145545019474 -0.523325578744 0.587910169431 1.77778078448
-0.0270344685352 -0.33190890316 -0.786358014072 -0.522309679193 0.898562343512 -0.415402037731
-0.389800626361 -0.662281421266 -0.07865441669 -0.38582451328 -0.929681499458 -9.58827474642
-0.353709565441 0.0882172478789 0.10342474404 -0.286882157646 -0.105394487495 -1.09584612429
0.93103583647 -0.245303045539 -0.48354637348 -0.513065911866 -0.0844707745917 -2.88017716448
0.519040297434 -0.588023631623 0.418592254282 -0.957700353301 -0.162134044032 -3.81292731357
0.551730130406 -0.322534088451 0.127474202891 -0.590041534348 0.483990782252 1.59949182879
-0.895441793462 0.705085289751 -0.603607227157 0.748796063417 -0.294941517399 0.884274586391
0.445367148949 -0.361549404428 0.811823342469 -0.746725748963 -0.642960421455 -3.53801181905
-0.0139397496824 -0.836123121924 -0.608039630596 0.887532764424 0.952979322296 6.18713236837
-0.247481341339 0.846572042028 0.0896493513469 -0.460515068252 0.404797442161 3.5295601605
0.31780361315 0.978250638217 -0.469905425181 0.344119005323 -0.895952489941 -0.964382472803
-0.772707922607 -0.992163250098 0.998921362119 0.604547394295 0.573446029467 6.93719300125
0.0194521505764 -0.399865834189 -0.697471431075 -0.430650522307 -0.248057556142 -6.5921768741
0.512620193961 0.0793235778063 -0.845032746889 -0.963941982082 -0.795335640932 -10.7086436222
-0.179002572605 0.866385834098 0.274804962418 0.603651799751 -0.0672508109909 6.95512633957
-0.27666783361 -0.783199254567 0.751866044372 0.566320058056 -0.663763804805 -0.0464517919787
0.0245211277525 -0.0252503841575 0.250183105373 0.892373787983 0.159542883525 7.39314976559
0.0804345335572 -0.899354134131 -0.874185047964 -0.625306417346 -0.935058456617 -13.7708163536
0.48670579114 0.446660607988 -0.727887531137 0.672157801591 -0.690427930308 -0.379935292197
-0.397648826005 -0.502046201677 -0.255385802854 -0.49067246822 -0.0220981471231 -4.9089306923
-0.185184237291 0.973138981559 -0.888147299744 -0.715637247225 -0.894348212183 -8.9478162381
0.251682389965 -0.890981445173 0.672879474752 0.0238772613639 0.0540152491631 1.96541614522
0.123189015424 -0.658372587388 -0.604619393771 -0.362365354254 0.186992831644 -3.83708708781
-0.57976444812 -0.767336545733 0.940233772837 -0.956036370381 0.605394810672 0.151583570036
0.57607029915 -0.40557177231 -0.728746767985 -0.708742706589 0.394863234474 -3.15409591667
0.285613182172 0.565491348503 0.874962344798 0.383854726533 -0.688296926897 4.55704186033
-0.513114766469 0.684387461746 -0.581387848332 -0.854955366091 0.406560108085 -2.13403472297
-0.19494728902 0.840080105092 0.300510142187 -0.819162044417 0.895713134507 5.61085489095
-0.48288547272 -0.325575019187 -0.195479172633 -0.897551407191 -0.00696915553879 -6.25398466272
-0.753363017849 -0.198059346623 -0.298580424016 0.545680166853 0.606341023265 4.07122120223
-0.693174235222 -0.266897625242 -0.253293677936 -0.697179112128 0.596907010102 -2.10466955794
0.414456656671 -0.619236427406 -0.266556182812 -0.788389950287 0.256413194186 -3.49849128644
-0.757256150903 0.97186833725 0.561364149376 -0.219522900832 0.157127864559 4.49170199064
0.822683632433 0.108198560792 -0.651003027204 -0.242593288838 0.686289730059 3.27072277459
0.288426031979 0.301448768668 0.733642971377 0.787946114925 0.839585143559 14.3930116914
-0.810301613494 0.0882520039262 0.481019042437 0.513853690254 0.21343240394 5.41809182945
-0.666425329633 0.594841107883 0.44022266703 -0.827728456902 -0.0723803506512 -1.36036105591
-0.652045200956 -0.325045908574 -0.963837815589 -0.199340263178 0.0997538423124 -5.53275765201
0.239165185654 0.326980690257 0.672582626205 -0.569074185449 -0.759036355123 -2.24998611108
0.703074343796 -0.686774370215 0.949520162672 0.685076458797 0.0017532117792 7.5798077923
0.962842849844 -0.805246541784 -0.39386847765 0.276448830081 -0.299986263054 -1.48320126418
0.856745103962 -0.868747823644 0.0988236641219 0.18173253479 0.305456247554 3.24394155276
-0.488667553336 -0.27086714496 0.68736105933 -0.61011446206 0.653735694347 2.83134955155
0.125310845805 0.524375022388 0.427214732527 -0.58497700923 0.137625472868 2.43347347994
0.73544630561 -0.135767526396 0.933181540447 -0.0955697997966 -0.714428726664 1.03189483485
-0.221130639845 0.903404812781 -0.36055830132 0.736196319734 0.762501363364 10.0817097322
