-0.665034835482 8.59273756809
-0.790864319331 9.61731158462
0.272860499087 8.47897316677
0.412951452974 9.75538856467
-0.936827710349 11.1872708025
0.872424492487 15.6828557425
-0.896057432697 10.893100365
0.0825926706021 7.37909387862
0.418121038902 9.60601730349
0.741938247492 13.6838496516
0.428173864265 9.70484268783
0.60345616614 11.6770702787
-0.321099614914 6.885737084
0.629650227493 11.8692979299
-0.839770307231 9.94991064631
0.789633312121 14.3008373243
0.0951847523075 7.25675224146
0.634595539925 12.1569033474
-0.0953634309634 6.69586077128
0.287155390393 8.3799015469
0.0528053218722 7.32728805865
0.463179043511 10.0832381113
-0.836740035939 10.0976038146
-0.879295832019 10.404926967
-0.50579353198 7.47479790755
-0.680910639774 8.67747473451
0.743567133184 13.5387386942
-0.561572025284 7.87575884263
0.951730511638 17.0414554002
-0.326208416458 6.84350082339
-0.635764168623 8.26610545774
0.579397014285 11.6090260626
0.317415551002 8.75691798667
-0.00360856709372 6.88350737988
0.110727101875 7.51251972555
0.438403556545 9.73070773176
-0.543090517337 7.75119328766
0.992667832113 17.6651518833
0.949586324294 16.9296538663
0.300651372694 8.64477022489
-0.600915098142 8.15989300497
0.360456484863 9.13793730254
-0.855603182042 10.2780800666
-0.938694995588 11.2029910016
-0.484634222978 7.27720777268
-0.0747540865214 6.74845870721
0.736545010817 13.503559579
0.454338139533 10.1201118015
0.4854130424 10.37560753
-0.149013331104 6.55429577393
-0.308130014906 6.86757120091
-0.257922474031 6.71991637075
0.975299127472 17.4678722868
-0.919781617175 11.0698085637
0.734062992245 13.6160767417
0.157350817145 7.7632547006
-0.122769161621 6.66834889918
0.45051532083 9.94433715933
-0.0266621171506 6.95882693962
0.746846476163 13.8003312129
0.801403728023 14.4942772426
-0.156558146253 6.70784328884
-0.44634440553 7.14411991279
0.184700657187 7.70739597127
0.824726691233 14.9968255778
-0.578675621989 8.07852094076
0.245933167127 8.21446347077
0.263120440185 8.44357353869
0.466226044831 10.173775536
-0.736864629745 9.06864999586
0.431649929364 9.8216626408
0.818065041331 14.9618420754
-0.64063378226 8.35780919309
-0.524913350152 7.78599651647
0.942790188083 16.6772227638
-0.638046094581 8.42487451718
0.708770186739 13.1538566879
-0.0154442871039 6.92567461167
-0.505537851194 7.53711067599
0.741499802545 13.4243181736
-0.109389489995 6.7455928254
0.0296347078594 7.13164110801
-0.2815332612 6.93727743817
0.18590170287 7.78235363182
-0.67295225483 8.52321177347
-0.217836926696 6.67593692861
0.938824644671 16.9591478533
-0.483733134598 7.45365767123
0.313473329083 8.67356819124
-0.349619871551 6.98033956532
0.546946251373 11.0437481242
-0.738252678563 9.24224260261
0.939642090157 16.8121390218
-0.0924209172327 6.75830404118
-0.527899073307 7.60651141755
-0.85300650534 10.1155897744
-0.660484189825 8.5380743783
0.039547897112 7.15726150788
-0.325993647137 6.87270526804
0.657766731765 12.4110980693
-0.138224952676 6.5966371681
-0.502571454825 7.47084564089
0.234289973208 8.10773280034
0.413554433771 9.52865373192
-0.665916184198 8.53367779125
-0.664761567423 8.5813839156
-0.926657146133 11.2781948836
0.472804030131 10.2242190789
0.327609055244 8.86720374942
-0.0507382485004 6.86093562181
0.688340897938 12.6636511065
0.6113403059 11.8212652871
0.170708728794 7.75128096806
0.736542561027 13.795911448
-0.588317579926 7.98475176255
-0.776160761205 9.52107666849
-0.460500776966 7.31151421682
-0.885826287821 10.5031590303
0.0623390560021 7.33238871268
0.87321138459 15.7948124345
-0.921312918663 11.1057043915
-0.75578017198 9.21135008544
-0.0956019434331 6.9265914535
0.867750035056 15.4869859856
-0.367687790046 7.03717682683
0.0144696173768 7.26412937333
-0.916854281899 10.8753577157
-0.703313598076 8.79062957072
0.973260245918 17.5076299245
0.930237392872 16.66309747
-0.990120038131 11.7172750618
0.903623570846 16.2500114723
0.278239875631 8.34782868265
0.73583658904 13.5865128963
-0.0905202887323 6.70204809176
0.0311920571585 7.25635316742
-0.0223068394862 6.85873491301
0.333728515092 8.85997716794
-0.720697490487 9.07449823263
-0.940052820255 11.1263495465
-0.384140116818 7.0508346778
0.409361525473 9.69941372015
-0.596293095754 7.89489603763
0.34686486665 9.02157987153
0.939824092215 16.9116151505
-0.812198568421 9.91891869828
0.34520423645 8.86524535717
-0.112499561391 6.63170486502
0.736284508755 13.5979667055
-0.645700421105 8.42802947453
0.385251904452 9.36815723746
0.676230579296 12.7216389298
0.889228438948 15.9255005778
0.366496056579 9.19726841536
-0.00565047198315 7.01261125405
0.235694480402 8.08006340414
0.737809968957 13.7549157603
0.141219493278 7.63058533418
-0.939225880606 11.1203540469
0.861897391014 15.594284435
0.379053502063 9.18914479858
0.353026771554 9.13481198651
-0.568649695205 7.99681027914
0.317770940465 8.67907155439
-0.212271188692 6.81999650724
0.302465954083 8.68056118198
-0.786813939384 9.67437359952
0.315690609206 8.93403561181
0.998827451541 17.9531937666
-0.903575922279 10.7454941953
0.954348368443 17.0603401292
-0.186184078554 6.6371828247
0.741506900675 13.6154704011
0.564770968117 11.2801580732
0.134032521973 7.57348438143
0.476898418503 10.332870393
0.757031122603 13.8571625217
-0.191719356698 6.86424583148
-0.345933676874 6.89309415642
0.335186771127 9.17637860235
0.615691883883 11.9422543535
0.524570269553 10.6893867946
0.595627297717 11.5179676656
-0.128833370374 6.79453142898
0.63566843235 12.1172538656
-0.759581889259 9.40837155355
0.0889781959217 7.37759530502
-0.988482679004 11.8440531252
-0.350828340199 6.84747980189
-0.267076930257 6.61792518016
-0.207654616781 6.67734817341
0.39093441338 9.48108084409
-0.222883797459 6.75017547939
-0.102612754755 6.65182287737
-0.524911738251 7.64684154146
-0.253496416741 6.79212595415
-0.545460745474 7.65545141878
-0.853608152463 10.2837230768
0.206897186763 7.96896399926
0.33642559711 8.80043722067
0.238980692019 8.20961498136
-0.0730119123989 6.87968863026
-0.240428439642 6.8494664821
0.726667299144 13.5097450118
0.0381635702724 6.98837543879
-0.0416362447405 6.7951773768
-0.948715868387 11.405850313
-0.317504344748 6.90533763232
-0.239608762428 6.79197735361
-0.202354438206 7.10578838374
0.160344738455 7.74380674763
0.0672050934538 7.35130404107
0.215810185587 8.11542302273
0.529766523084 10.8996592462
0.625971477432 11.9811098323
0.436246152453 9.90712102365
0.91104739191 16.2959184567
-0.963534834647 11.512908656
-0.608444028633 8.08776464715
-0.984874250044 11.813382971
0.294949428309 8.81227546367
0.7960610979 14.2711629472
-0.513035406847 7.63516242793
0.854069089593 15.23640776
-0.879465219421 10.5020837325
0.868872053611 15.7550203849
-0.296754625521 6.82067058749
-0.797158343102 9.58444188471
-0.0282564816273 6.85008761422
-0.486446864559 7.50166359753
-0.430254196076 7.11715013453
-0.385420070147 7.0537746923
0.606051795665 11.7611028032
0.0783225533505 7.2188830042
-0.377384601688 7.2215937046
0.220667566622 8.11494800177
0.432301348446 9.58946543362
-0.454751998533 7.30878447724
-0.172901796949 6.65427621378
-0.756227813326 9.39160393869
-0.637701300931 8.26094761703
0.36223570793 9.12495114444
-0.637123304609 8.38653765628
0.0503267673341 7.2578180895
0.418092523445 9.53265879491
-0.786246153811 9.55327553004
0.134624439258 7.50136870382
-0.486874432597 7.37041748389
0.925853750475 16.8117480136
-0.0329087065602 6.95043591516
0.61198509955 11.7060729998
0.100453084313 7.47387202483
-0.91317493429 11.1437985018
0.266302751188 8.46949202194
0.902806684413 16.076962332
0.203223640293 7.89164629738
0.638377718854 12.3020331669
0.768412926697 13.9581392408
-0.543840456102 7.77896010806
-0.575910320184 8.00311401994
0.221961977702 7.96732984231
-0.177943060387 6.71352814515
0.679722605733 12.4112236492
0.800046246796 14.4182919524
-0.293157241395 6.78280080613
-0.526258882051 7.51203232315
0.561051030488 11.3646202923
-0.450387928904 7.12861636751
0.645228637027 12.2222414147
-0.152523492702 6.74161090623
0.335099798583 9.04776172474
-0.808929372331 9.66455950324
0.247718649353 8.35038855717
-0.0964646425255 6.78607279659
0.173216926351 7.66153274254
-0.66397158451 8.58116171419
0.473747489888 10.2366419126
0.725594155086 13.3286558007
-0.566520399818 7.87498191633
-0.80857088896 9.76605103322
-0.952722827907 11.4146295453
0.283943000887 8.56303109213
0.214188072178 8.16817814025
0.0933948254281 7.22618367374
-0.536105807768 7.90426141114
-0.218188008189 6.53107525082
0.188952670372 7.83730439474
-0.00646628228166 7.03976737626
0.97557104043 17.5687231475
-0.727120494887 8.98600227603
0.390289108095 9.36865980243
-0.191362463791 6.66956925555
-0.143600770149 6.67523066336
0.435195531316 9.90570800747
0.384872302649 9.37533197131
0.982511987404 17.6008834458
-0.743211421092 9.2792314558
-0.791780701232 9.67072127914
0.448677634257 10.0378120705
0.156773834013 7.72990866648
-0.45167866688 7.19417344319
-0.841161262022 10.0809162597
-0.828683500807 10.0824096142
0.788381749328 14.3985485359
-0.616265350563 8.18737764735
-0.353256875769 6.95028547325
-0.546687195546 7.87864002113
-0.290007388336 6.74365497842
-0.861152314508 10.4039192649
0.0381195818165 7.10576430035
-0.864774872816 10.3665919065
0.600713015645 11.7988657495
-0.532575836179 7.75391029662
0.080023829209 7.37265295716
0.760158175123 14.0337460157
0.301754738094 8.63581197415
0.0659155731027 7.30070091866
-0.351332493769 6.90245201246
-0.333996173884 6.92285566695
0.338973910396 8.92313392119
0.988278722442 17.7880944297
0.323678379699 8.86869238952
0.11556683474 7.37172398223
0.461301020478 10.295530841
-0.0695887754326 6.72937271688
-0.879715314798 10.4306274751
0.124593631756 7.61378056721
0.915250569011 16.526386809
-0.649394115285 8.48793137158
0.380009781641 9.358123369
-0.598132622682 8.0664785292
0.0716553689462 7.16631660488
-0.806647100707 9.79307551433
-0.0992581274836 6.71332685337
0.51232665779 10.734320781
-0.304856951522 6.81422549441
0.329823448974 8.77718868719
0.590899921579 11.5338629192
0.854355638959 15.4437485249
-0.530715836289 7.60475442696
-0.201368168381 6.6380665692
-0.695167973339 8.80493289038
0.984967004317 17.7406776668
0.854001935849 15.3458659415
0.0799142605611 7.24372926345
0.684066588753 12.8189815428
0.0419159545441 6.99499500745
0.247171376006 8.08951726351
-0.821751135768 9.86510160366
0.510540840994 10.5954934104
-0.74457303273 9.23248366692
0.652135260505 12.5061845872
0.564056175341 11.3232094399
0.417489395486 9.63085349621
-0.92767923895 11.0997708254
-0.393743288109 6.95878741466
-0.473774860178 7.37252505096
-0.279727185057 6.75793096542
-0.824714506472 9.9993604741
0.873915646062 15.6488522953
0.107604481425 7.46737789108
-0.388951378684 7.19668515509
-0.206036965851 6.71062293798
-0.10559491899 6.81258871057
0.201188666721 7.99639543627
0.031358855393 7.06182154148
0.838783946429 15.1672291578
-0.00607303418834 6.98333519147
0.984316029647 17.7137400685
0.70284991549 12.9832327977
-0.582978971285 7.97242995126
0.861190429288 15.566562761
-0.767267204229 9.55290444958
0.634899416982 12.225403491
-0.238753413047 6.95508354454
0.75594864089 13.7627779477
0.736113380215 13.6304754726
0.611850800235 11.8487778153
0.580060872614 11.6509278387
-0.390641721804 6.96805264456
-0.838161433897 10.0216602283
-0.19403964247 6.65915287084
-0.652950970027 8.23951727156
0.389902177805 9.3333206973
-0.307800546924 6.75861450657
0.95122040172 17.107262605
0.281944154691 8.51594811256
0.644961127269 12.4502993112
-0.734950654516 9.21141013686
0.724028964545 13.3081400601
0.845514381027 15.1658582241
-0.0258761623621 6.97692003629
0.212505875502 7.86676428279
0.529619601806 11.0159800629
-0.650322745479 8.55033316194
0.00513215292688 6.96868960552
-0.202673944455 6.54927853581
-0.707252015676 9.01527449981
-0.264931155417 6.75526068611
-0.863655381229 10.5000204277
-0.948376186101 11.1907677987
-0.72966742169 9.01037660284
0.926230223178 16.6424344501
0.09905907179 7.38037687238
0.931644322306 16.6936155661
-0.13500424334 6.80308142897
-0.376367733829 6.89735612412
0.0122837256805 7.02382034787
-0.120976622734 6.76618244095
-0.788670631477 9.6614429086
0.28165262938 8.55074500505
-0.567923634981 7.76406292723
0.239175909796 8.02175723893
0.300402184796 8.75090601762
-0.695950293743 8.82015501085
-0.877300745779 10.4505018974
0.561523172137 11.3621508967
-0.0803991524614 6.82208219578
-0.883672408989 10.7139279027
0.98973263434 17.812515251
-0.884438878007 10.8106151899
0.390070457717 9.56298515326
0.967357850527 17.3634268245
-0.521639791568 7.70910229757
-0.715501262626 9.01357026163
-0.757230121155 9.45235244336
-0.393449704865 6.96157990141
-0.797908377979 9.76814224925
0.384322683388 9.44044189858
-0.87541640374 10.3287078796
0.0188442562996 6.9410477656
0.993393707706 17.6709063734
0.627940539012 12.0113554979
0.230438876462 8.18788746125
-0.387492758427 7.18896253259
0.247791672583 8.2419901998
0.0540829278233 7.34851004268
-0.147833232219 6.59332747391
-0.73857924652 8.97791844362
0.773208430481 14.0968807373
-0.100430702357 6.81780504563
-0.610754976358 8.14863872529
-0.264481298245 6.55941475223
-0.171740494942 6.71182489205
0.655075791134 12.2677747604
0.467228761123 10.21507526
0.538609787283 10.9732932101
-0.977937471143 11.6230931877
-0.16769200364 6.67050216202
-0.0373116967294 6.79328085933
-0.961615446354 11.5065198845
-0.48037358251 7.50046371471
0.520579646244 10.6311916788
-0.725780588542 9.08712258756
0.0706202629052 7.19873279914
-0.569596255966 7.80744310736
-0.975758450712 11.678858045
-0.517597084801 7.48693845091
0.95174750982 17.0464641785
0.603074223766 11.599023037
0.919153288642 16.7126745234
-0.0242919121473 6.93537139472
-0.780527602645 9.46223134919
0.0959189779474 7.38275852756
-0.0912453308801 6.78163688565
0.688714165479 12.8386631503
-0.803834838432 9.81911573452
-0.0235177259564 7.00962226061
-0.699902670612 8.76615186004
-0.35064814622 6.87410671686
0.474714154776 10.1994655246
-0.0479637412625 6.64432082355
-0.248223429708 6.5967295731
-0.21104744286 6.85987328327
-0.081106463188 6.97380344875
0.570033087674 11.2846974274
0.78416937788 14.3295367356
0.910669373008 16.39768279
0.573806772511 11.6633420958
-0.369186208504 7.09478651803
0.376269412173 9.24864584167
-0.124793751889 6.65465254436
-0.490658755908 7.29334721824
0.681743158852 12.7837657173
-0.923147302075 10.9725305499
0.803523984271 14.4335529282
-0.0770450707505 6.75169504274
0.274402953617 8.31742990812
0.318707844412 8.93743521746
0.790235481413 14.4546473486
0.273339364334 8.41693609363
0.22786716952 8.24698349801
-0.866695918879 10.4169436005
0.0368160438904 7.03516308024
-0.699661998366 8.96954170829
0.474867537443 10.2824870416
0.0244438416253 6.97438692059
0.360455558417 9.10175848419
-0.916654198795 10.8845149396
-0.830415967908 9.88719756124
0.432646776125 9.88802394626
-0.855831328003 10.483025776
-0.857486544469 10.1699490008
-0.97578304953 11.7461682531
0.913002796599 16.3425369857
0.475016718918 10.1814646844
-0.293497182996 6.74939383
-0.406928837425 7.01754304058
-0.300593540508 6.82592335403
0.549307062362 10.9787321655
0.322741222141 8.82856452075
-0.629608864265 8.27740817195
-0.651781329332 8.41931241744
-0.803208700573 9.66077126549
0.320605439403 8.72644196735
0.528745324443 10.8983480409
-0.46990714335 7.40687207568
-0.958110077938 11.3717136133
-0.835656665047 10.0895397301
0.93572006969 16.886875312
-0.409110445045 6.94469898671
0.538446295676 10.9890702129
0.249327137709 8.17903121001
-0.236120720694 6.79472166271
-0.588625475609 7.92963726181
-0.757227163681 9.13497411822
0.230025936078 7.95061901459
0.549267561276 11.0661700094
0.287808507082 8.55206766541
0.0606042664983 7.12076415393
-0.916097553137 11.0294444014
0.936977555189 16.6681961708
0.597428383309 11.6410425555
-0.414355926598 7.00935727149
0.959940658718 17.1865269114
0.203763179273 7.94818487077
0.164845316414 7.62588643947
0.496146358859 10.4192731974
0.62353957618 12.081660834
0.312957214663 8.66472020271
-0.743808507268 9.27815245327
-0.323464988011 6.75367113825
0.856167280652 15.4856615594
-0.550768776312 7.91862049281
-0.255665952325 6.50875832644
-0.135846234112 6.6604053667
-0.121190020611 6.81163331965
0.225879164989 8.06550413377
0.886151675489 15.9776879496
-0.518614576335 7.53544638262
-0.756997247398 9.3220258971
-0.60505902028 8.0980265598
0.773849800419 14.2290757163
0.29162162531 8.58065233905
-0.428186421522 7.21594989425
0.631893877937 12.048812921
0.722739992727 13.2982841325
0.693028677381 12.8781401947
0.837853067279 15.1689865149
-0.495517959653 7.43565205967
0.510083857493 10.6407133916
-0.0789210054517 7.02060526432
0.68399710578 12.8819201134
0.456981354323 10.0089973753
0.552894892999 11.2243481729
0.312323675362 8.67653211432
-0.645142461061 8.19043052381
0.0900538377939 7.2342304319
0.969339479049 17.2378914502
0.874776132994 15.7110433134
-0.913652528406 10.938971794
-0.670370368541 8.75170407375
-0.736542453091 9.16302365974
0.451959819971 9.96811083797
0.635570659714 12.2212530452
-0.572977267379 7.68637825842
0.0117053859037 7.059773742
0.681406056022 12.8358183929
0.465603089533 9.98324053988
0.0844744109837 7.42488604616
0.180695380918 7.83714234898
0.0167210938326 7.01087124994
-0.404903097362 7.16014104055
0.130043985718 7.75249274871
0.3777706041 9.29318347238
0.746645831722 13.724599538
0.272582707958 8.36622269535
0.522243074086 10.6636474128
-0.679856730091 8.74110477898
-0.0768850511604 6.73102695266
-0.981336760346 11.7673210403
-0.506642270957 7.48579856821
0.452923430226 10.0477853424
0.983619902699 17.7242908225
-0.801643800826 9.83988485917
-0.197011368277 6.66847208913
0.600141937398 11.6548010789
-0.591928730742 7.92937441442
0.110169898605 7.38317962227
0.466142592059 10.1744691545
0.23197090052 8.20209555273
-0.623950530769 8.15044599405
-0.289230862629 6.8885039393
0.567583568971 11.4155233549
0.108453028264 7.46079904983
-0.989540772914 12.0525847926
0.521981520056 10.6682832985
-0.92937729012 10.9973398384
0.491467565462 10.2288536147
-0.59503887967 8.19705793869
0.916146960239 16.5284794684
-0.264118497396 6.76015468605
-0.346136767324 6.94807185421
-0.702223899335 8.72572663564
-0.38879156902 7.28747156403
0.753301523656 13.8125321735
0.992668675254 17.8720742959
-0.263380938986 6.8373899976
-0.102778738091 6.82427246093
0.444141876405 9.93291008266
0.77239156093 14.0108370244
0.186088668374 7.88244478081
-0.216948603644 6.9138902117
-0.174756318303 6.854591216
0.391236292994 9.55755423729
-0.993563472791 11.8655350097
0.23917867492 8.07622705102
-0.289013979117 6.78861201164
0.588394662554 11.5404227103
-0.814018720354 9.96837480748
0.176404533897 7.60891561535
-0.0380542202278 7.05037736068
0.28465105181 8.48636213595
-0.870292811034 10.4057100754
0.159967574856 7.58340928709
0.122969175919 7.32439320638
0.121320188832 7.56402633064
0.206975333193 7.9709681047
0.352935874453 8.92632138519
0.609977999362 11.6770113985
-0.460358559744 7.28078587907
0.65009882036 12.4982264235
-0.00348863547309 6.96367232306
-0.845883441731 10.0361857555
-0.882898141512 10.5628042953
-0.331523362608 6.85741947484
0.569793954223 11.0370144005
0.415361869482 9.62085998275
0.577229929345 11.3741514657
0.0345381128832 7.18277802506
-0.119602004089 6.94052671228
-0.705094946587 8.97464273282
-0.343614492781 6.8868350098
-0.131961267652 6.63277381545
-0.822799140641 10.2049259651
-0.558776094578 7.82743935064
0.196450588127 7.89948736218
0.471326228478 10.1887534859
0.996695022786 17.957101292
0.866226662687 15.5870329961
0.28513039907 8.44841975232
-0.157503893412 6.67126223716
0.272354729416 8.40720565031
0.57130323616 11.2706663325
-0.763327618153 9.30008498836
-0.180190220607 6.72982048577
0.679604571271 12.7082149784
-0.232334096134 6.88523006827
0.143744542454 7.33143659441
0.175538721724 7.88227759296
-0.631047493733 8.41723355282
-0.275529116695 6.57340397985
-0.330977422516 6.84916740677
-0.947606582936 11.3037020528
-0.951616472217 11.2489906954
0.663394087352 12.4331343144
-0.453858380054 7.17526670845
0.0361575324776 7.29415857901
-0.402548852822 7.18228591212
0.881358490231 15.9855732866
-0.481406482268 7.48196536896
-0.140686374522 6.62337694712
0.745460500969 13.6296203443
0.683867133584 12.841932908
-0.627797164307 8.14742996229
0.605286619591 11.8181348366
-0.0836262265242 6.78103554671
-0.0340622558293 6.86961304993
-0.733040055168 9.17075761116
-0.838796972486 10.1566783021
0.455878613948 9.9941417105
-0.0070776952894 7.09510064463
-0.12629859477 6.64060856326
0.459016457305 10.1242117972
0.531025797982 10.9082947047
-0.682183664661 8.64549078073
0.220450298955 8.08275087357
-0.729291835445 8.941945786
0.502750172058 10.6227151021
0.313910312534 8.71155819848
0.913229242167 16.3593166144
-0.862083967287 10.464159154
-0.885890557697 10.5503105996
-0.435625850614 7.07043537231
-0.476588632528 7.2316649823
-0.506042401856 7.59110508938
0.812509161042 14.5908536421
-0.500907600301 7.68002400961
-0.456100547743 7.08772709319
0.518796524836 10.8792338848
-0.100520315099 6.8003754714
0.55342111391 11.1007914651
-0.869267684871 10.3827155004
-0.0248576126532 6.97028398073
-0.932772799633 11.1584388967
-0.874693593089 10.6069604633
0.812874906689 14.7361723963
-0.721509257765 9.01510727517
0.0648413645504 7.19179809288
-0.177808794799 6.71380679329
-0.305313347482 6.86057005565
0.799666691375 14.3437177732
-0.956353206449 11.3130134823
0.327579372351 8.91553048798
0.926788868427 16.6689540022
0.120336366924 7.45845749677
0.873644924066 15.7288217923
-0.895484241428 10.7634416594
-0.162413361852 6.66980874728
-0.479684418076 7.32389340079
0.461641929961 10.1094164874
0.962594180994 17.2026457235
-0.486939875112 7.47688918603
0.308349202948 8.51542309609
-0.603804734481 8.20814261934
0.130660509143 7.57581862487
-0.0721350266233 6.85082559009
0.944010659263 17.0595500746
0.217054545393 8.19461248603
-0.300987255826 6.92322186438
-0.771808430224 9.26599330991
-0.69750634253 8.67164405869
-0.549366140098 7.70384496902
-0.498066677319 7.49297239351
0.701232115682 13.0892740896
0.122445576565 7.41470570214
0.0467818227487 7.17653045621
-0.770462256262 9.36197164457
0.720279386699 13.250105539
0.445628606417 9.78489854842
-0.8646632762 10.2948274965
0.41567019446 9.49409580731
0.0870764346853 7.22430042258
-0.836549308506 10.1942342186
-0.0833987169427 6.71050672819
-0.0306074257399 7.17891044535
-0.668450919673 8.61859208717
0.891396294001 16.049371318
0.699950742961 12.9334647914
0.338044674658 8.99835862843
-0.0754088779988 6.76170157443
-0.176468916831 6.73192445983
0.301946934302 8.89122486581
0.0908637388138 7.32903497872
-0.875453788236 10.6199206506
0.0250052975407 7.00970036935
0.612807234466 11.8391845073
-0.0815202448061 6.98568373165
-0.896086844891 10.6728158282
0.572556398768 11.5214806903
-0.597272435728 8.13283278621
-0.482758330224 7.35992317494
-0.670587293135 8.64897743622
-0.339569870257 7.00100740848
0.513503011377 10.7121727719
0.0387717190079 6.97131865459
-0.590237451699 7.94361592242
0.755660156304 13.81040678
0.759163709903 13.8806840943
0.741156850092 13.6800455715
-0.522407577237 7.63382478242
-0.097521311638 6.649984879
0.969979312282 17.474836652
0.54402495262 11.060838625
-0.945665157549 11.3732442938
-0.869590817479 10.5488111389
-0.0721372463753 6.90861073485
0.818440411723 14.8599969034
0.0774035959054 7.27312474984
-0.00437498393142 6.82093207873
-0.789052600087 9.65663606728
0.313560209449 8.74800943666
0.6442063212 12.2797911215
-0.239159984985 6.61242517481
0.551223701851 10.9763460074
0.928953307802 16.7958091933
-0.592467081745 8.02678118299
0.0466592623895 7.22554455104
-0.425724083831 7.17558755055
0.585708838068 11.5045408721
0.155186731762 7.75205194961
0.269164835101 8.33548770012
0.595828319232 11.6371881234
-0.208059054675 6.67590386896
0.830180136814 14.9606832642
0.0660577344923 7.20216498542
-0.684090354329 8.71377921727
0.391798236338 9.35556671082
0.586522700877 11.6372147443
-0.366476645865 6.8855503879
0.714358513998 13.2068530697
0.812286509532 14.6713614113
-0.446191025244 7.39881616077
0.96704294543 17.4021607804
-0.718576943902 9.07827621671
-0.595968663195 7.90496715319
-0.631550321524 8.32290053095
0.787979420016 14.4201938706
0.30858510465 8.69578184737
-0.695791433555 8.89217948891
-0.119353163263 6.70417308585
0.23059605014 8.25811920116
-0.833071830021 10.2827437141
0.764832736815 13.9379672768
0.607207070883 11.726674376
0.0104135471533 7.17744662489
0.934253230518 16.943349696
-0.16447804145 6.67070408189
0.968220638073 17.3622528644
0.335839997607 8.88164956388
0.269342546508 8.2539458473
-0.668090209408 8.47462040039
0.763855516609 13.8589544752
-0.145020624159 6.65640622246
-0.675533188435 8.62069265537
-0.974784960048 11.7007123398
0.119511367277 7.62784788638
0.0547992442454 7.08858598602
0.438707244738 9.95426634675
0.780516106036 14.1937925679
-0.841186830714 10.1322554102
0.462992980681 10.1713608925
-0.625176111805 8.1389608286
0.716354106314 13.2926089386
0.638127027723 12.1886751321
0.0815875099711 7.34725983058
0.420485597247 9.70483875607
-0.371299773633 7.23453886829
-0.0576642021344 6.78983467683
0.643273795421 12.1871310978
-0.0814696056536 6.74637550356
-0.284403469349 6.73832454706
-0.0115751054994 6.90260783531
0.656498504874 12.536319463
-0.329583905258 7.02230311387
-0.652476813729 8.39130286907
0.424028040662 9.62724679881
0.651956425416 12.403388277
-0.798725042953 9.65229612063
-0.520251774488 7.66783312918
-0.716056020478 8.97401403635
-0.304117176836 6.67597211597
-0.0992980421892 6.93573720303
0.497652673927 10.65381126
0.302295169763 8.57666559754
0.241857134957 8.15476023871
-0.295250106781 6.84021722316
0.68289510617 12.8128968057
-0.0574256652037 6.91995908785
0.95820987603 17.4209794141
0.268284276591 8.36296973155
-0.747470516871 9.14745611366
0.352355124151 8.91236651777
-0.349791969137 6.85636646198
0.372654393372 9.22562085803
-0.860717703675 10.5239823987
-0.650237125648 8.37999404972
0.711474517812 13.2063702646
-0.545640885953 7.74322686392
0.674082250486 12.7761811222
-0.441447823091 7.48735921741
0.285763820117 8.45749227017
0.38830114702 9.32218174302
0.0253095062901 7.18546917545
-0.389378646607 7.11297905261
-0.574711247258 8.1028811326
-0.933621290875 11.2307186641
-0.392107197519 7.01773363313
0.306325581063 8.72872511916
0.876609636897 15.8882549128
0.742408964526 13.7186436766
0.532129553071 10.9124109523
0.576894686507 11.499811363
0.329969806952 8.9778795679
-0.479426284868 7.53873354548
0.814390061412 14.81389055
0.341464623812 8.94046677792
0.120881261961 7.49421339047
-0.778021061573 9.62912188994
-0.105888912387 6.69033938987
-0.0792834575961 6.84930389129
0.729127219045 13.4010597883
0.0932964403756 7.35239760971
-0.239198902059 6.86797739805
0.953600657021 17.1547455824
-0.778558813347 9.5181978215
-0.154903143376 6.5912648264
-0.915950649657 11.0384981485
0.479808241534 10.3457007319
0.836153104398 15.3180008975
-0.439925340899 7.19772059833
0.716683353598 13.2810453282
-0.415563539076 7.15979219122
0.821540323288 15.0217943201
0.507923807194 10.5781346197
0.609813553683 11.8323233757
-0.963986888799 11.6029947588
0.925620714148 16.6497127064
0.453341984141 9.95953422764
-0.390497809228 7.0678238837
0.658789329718 12.5557582117
-0.43695760317 7.11393123629
0.745507679132 13.696073602
-0.774839219176 9.40847678557
0.407371954922 9.66923580491
0.0813969532898 7.14487588143
-0.806931059609 9.73241651614
-0.516212343482 7.62088562557
-0.975191927445 11.8389709834
-0.062464069071 6.83724684608
-0.39746947848 7.01592750248
0.196714968596 8.08783484369
-0.405524384583 6.95422566814
-0.400161776986 6.86066965546
0.486386397463 10.3957344585
-0.903714328043 10.7722482871
0.805789990384 14.5096267583
0.704527748782 13.1552936815
0.335609366453 8.93227734554
0.186443140215 7.78100991384
0.784604996279 14.1506245505
-0.629339640943 8.36777387929
-0.842061675618 10.2113780153
-0.520979660181 7.59850188366
0.5891565574 11.7289769648
-0.930659466547 11.0300294651
0.165613670167 7.56371159538
0.990875032383 17.7581009286
0.711392187675 13.1782487189
0.0428913780872 7.16772544171
-0.872718181427 10.4508180435
0.662747028771 12.5373156191
0.197957016354 7.78221294924
-0.770134005881 9.57882553888
-0.812285430353 9.83338955401
0.819253638873 14.9389026982
0.338400525876 8.96559343957
0.658573598634 12.4911495964
0.757957800565 13.9268503492
0.143544704097 7.64024562489
0.0348927035101 7.17869039258
-0.139145179358 6.87037076245
-0.366106824418 6.9936052988
-0.130808078283 6.81536216766
0.54775931146 11.0346264713
0.20384686203 8.08798065291
0.78504657991 14.2178855705
-0.113239971242 6.94296045826
0.214179157438 8.00550336909
0.262615106184 8.19650136031
0.183394324613 7.83206124173
0.405267546171 9.4616317446
-0.52513306325 7.7147830381
0.0247275550916 7.01381188319
-0.791550394383 9.59314668832
-0.23097734471 6.54491816293
-0.0246658627575 6.88563901809
0.304448519091 8.41246883082
0.901062105172 16.0400993722
0.201302133097 8.00412825522
0.487187832353 10.4389593849
0.0125321189904 7.0813985452
0.268208062753 8.28341109335
-0.858135567732 10.311995382
-0.491216838316 7.45634108911
-0.27629381359 6.66598826174
-0.055013289987 7.00951165682
-0.908702508995 10.9675507009
-0.719951804893 8.96469297889
-0.446371384417 7.25755373326
0.943065381802 16.965012941
-0.337305985794 6.6941111802
-0.0359178837758 6.87784936542
-0.607804574523 8.06379905812
0.221560142152 7.95722959819
-0.438633568968 7.19518452641
-0.586014843123 8.1690312942
0.033145256892 7.17230892124
-0.988988401679 11.8007013652
-0.984671934702 11.8598730259
