-0.665034835482 -0.790864319331 1.1002453122
0.272860499087 0.412951452974 9.86951233201
-0.936827710349 0.872424492487 8.6164081852
-0.896057432697 0.0825926706021 4.87709404056
0.418121038902 0.741938247492 11.9406390167
0.428173864265 0.60345616614 11.2783887278
-0.321099614914 0.629650227493 9.34287357427
-0.839770307231 0.789633312121 8.50559911183
0.0951847523075 0.634595539925 10.411584518
-0.0953634309634 0.287155390393 8.20394266343
0.0528053218722 0.463179043511 9.42796941389
-0.836740035939 -0.879295832019 0.0467277567321
-0.50579353198 -0.680910639774 2.10226243235
0.743567133184 -0.561572025284 6.23151324867
0.951730511638 -0.326208416458 8.05165766937
-0.635764168623 0.579397014285 7.93346381263
0.317415551002 -0.00360856709372 7.8329207055
0.110727101875 0.438403556545 9.55562382161
-0.543090517337 0.992667832113 10.243265201
0.949586324294 0.300651372694 11.2107854662
-0.600915098142 0.360456484863 7.14610200678
-0.855603182042 -0.938694995588 -0.282862154116
-0.484634222978 -0.0747540865214 5.17907971893
0.736545010817 0.454338139533 11.3388509115
0.4854130424 -0.149013331104 7.65673419923
-0.308130014906 -0.257922474031 4.7970898441
0.975299127472 -0.919781617175 5.2118899388
0.734062992245 0.157350817145 10.0265128643
-0.122769161621 0.45051532083 8.8242052503
-0.0266621171506 0.746846476163 10.6250766544
0.801403728023 -0.156558146253 8.56124979158
-0.44634440553 0.184700657187 6.76969788779
0.824726691233 -0.578675621989 6.57945224128
0.245933167127 0.263120440185 8.94763060941
0.466226044831 -0.736864629745 4.79660947697
0.431649929364 0.818065041331 12.2631906298
-0.64063378226 -0.524913350152 2.47441826196
0.942790188083 -0.638046094581 6.44217307896
0.708770186739 -0.0154442871039 8.91627051981
-0.505537851194 0.741499802545 9.21057158273
-0.109389489995 0.0296347078594 6.89385172731
-0.2815332612 0.18590170287 7.10204555887
-0.67295225483 -0.217836926696 3.88039377379
0.938824644671 -0.483733134598 7.36769789146
0.313473329083 -0.349619871551 6.04446843046
0.546946251373 -0.738252678563 4.87759094046
0.939642090157 -0.0924209172327 9.31075780721
-0.527899073307 -0.85300650534 1.256982476
-0.660484189825 0.039547897112 5.25064874504
-0.325993647137 0.657766731765 9.13454870188
-0.138224952676 -0.502571454825 4.10487626479
0.234289973208 0.413554433771 9.73213386044
-0.665916184198 -0.664761567423 1.61075141026
-0.926657146133 0.472804030131 6.64521634114
0.327609055244 -0.0507382485004 7.83223587548
0.688340897938 0.6113403059 12.2148522352
0.170708728794 0.736542561027 11.1109172392
-0.588317579926 -0.776160761205 1.32332221661
-0.460500776966 -0.885826287821 1.22249257314
0.0623390560021 0.87321138459 11.6506286037
-0.921312918663 -0.75578017198 0.409242960327
-0.0956019434331 0.867750035056 11.0333784473
-0.367687790046 0.0144696173768 5.85865121934
-0.916854281899 -0.703313598076 0.613248501515
0.973260245918 0.930237392872 14.6522202844
-0.990120038131 0.903623570846 8.6833817427
0.278239875631 0.73583658904 11.5067015599
-0.0905202887323 0.0311920571585 6.98475270938
-0.0223068394862 0.333728515092 8.63788565951
-0.720697490487 -0.940052820255 0.0731314518041
-0.384140116818 0.409361525473 7.93052683746
-0.596293095754 0.34686486665 7.09924870263
0.939824092215 -0.812198568421 5.75489683063
0.34520423645 -0.112499561391 7.62957926798
0.736284508755 -0.645700421105 5.71837691033
0.385251904452 0.676230579296 11.6190988603
0.889228438948 0.366496056579 11.5088703066
-0.00565047198315 0.235694480402 8.13162025102
0.737809968957 0.141219493278 9.92870345091
-0.939225880606 0.861897391014 8.29305242179
0.379053502063 0.353026771554 9.88032717518
-0.568649695205 0.317770940465 6.91861687386
-0.212271188692 0.302465954083 8.02330560881
-0.786813939384 0.315690609206 6.16618420605
0.998827451541 -0.903575922279 5.39775338294
0.954348368443 -0.186184078554 8.8819490082
0.741506900675 0.564770968117 12.1399157544
0.134032521973 0.476898418503 9.8194647694
0.757031122603 -0.191719356698 8.25952056394
-0.345933676874 0.335186771127 7.68945956833
0.615691883883 0.524570269553 11.4796347543
0.595627297717 -0.128833370374 8.23957954033
0.63566843235 -0.759581889259 5.03889054137
0.0889781959217 -0.988482679004 2.29175497809
-0.350828340199 -0.267076930257 4.5729195128
-0.207654616781 0.39093441338 8.18535672174
-0.222883797459 -0.102612754755 5.84789686155
-0.524911738251 -0.253496416741 4.18388822876
-0.545460745474 -0.853608152463 1.09608834693
0.206897186763 0.33642559711 9.2793608325
0.238980692019 -0.0730119123989 7.21034543986
-0.240428439642 0.726667299144 9.86998664452
0.0381635702724 -0.0416362447405 6.87203803546
-0.948715868387 -0.317504344748 2.48610294418
-0.239608762428 -0.202354438206 5.25327295052
0.160344738455 0.0672050934538 7.85746476831
0.215810185587 0.529766523084 10.4848817623
0.625971477432 0.436246152453 11.0766029758
0.91104739191 -0.963534834647 4.94122304157
-0.608444028633 -0.984874250044 0.242852072306
0.294949428309 0.7960610979 11.6732766529
-0.513035406847 0.854069089593 9.72858783988
-0.879465219421 0.868872053611 8.71198763079
-0.296754625521 -0.797158343102 2.37026861918
-0.0282564816273 -0.486446864559 4.46376013584
-0.430254196076 -0.385420070147 3.81229179527
0.606051795665 0.0783225533505 9.20629697678
-0.377384601688 0.220667566622 6.85431622428
0.432301348446 -0.454751998533 6.13742633413
-0.172901796949 -0.756227813326 2.77534884579
-0.637701300931 0.36223570793 6.97717783156
-0.637123304609 0.0503267673341 5.24932517736
0.418092523445 -0.786246153811 4.46332623238
0.134624439258 -0.486874432597 4.82931604851
0.925853750475 -0.0329087065602 9.671703428
0.61198509955 0.100453084313 9.55726628279
-0.91317493429 0.266302751188 5.49293532056
0.902806684413 0.203223640293 10.6679084817
0.638377718854 0.768412926697 12.7671629266
-0.543840456102 -0.575910320184 2.43857946536
0.221961977702 -0.177943060387 6.62110428807
0.679722605733 0.800046246796 13.0462553487
-0.293157241395 -0.526258882051 3.38300349419
0.561051030488 -0.450387928904 6.47857269001
0.645228637027 -0.152523492702 8.08112602415
0.335099798583 -0.808929372331 4.1156459746
0.247718649353 -0.0964646425255 7.1825074062
0.173216926351 -0.66397158451 4.16758670488
0.473747489888 0.725594155086 12.1305649668
-0.566520399818 -0.80857088896 1.1344979241
-0.952722827907 0.283943000887 5.58429251417
0.214188072178 0.0933948254281 8.2402526191
-0.536105807768 -0.218188008189 4.13999421229
0.188952670372 -0.00646628228166 7.55298998556
0.97557104043 -0.727120494887 6.31709892628
0.390289108095 -0.191362463791 7.29223729251
-0.143600770149 0.435195531316 8.62148027505
0.384872302649 0.982511987404 12.9351311837
-0.743211421092 -0.791780701232 0.863656387128
0.448677634257 0.156773834013 9.15960054016
-0.45167866688 -0.841161262022 1.46420697428
-0.828683500807 0.788381749328 8.49050306517
-0.616265350563 -0.353256875769 3.31691709731
-0.546687195546 -0.290007388336 3.9331268414
-0.861152314508 0.0381195818165 4.63644821289
-0.864774872816 0.600713015645 7.33780531797
-0.532575836179 0.080023829209 5.98896908862
0.760158175123 0.301754738094 10.8366315079
0.0659155731027 -0.351332493769 5.32195390074
-0.333996173884 0.338973910396 7.75853639119
0.988278722442 0.323678379699 11.4857598988
0.11556683474 0.461301020478 9.73191406699
-0.0695887754326 -0.879715314798 2.50851665761
0.124593631756 0.915250569011 11.8679655085
-0.649394115285 0.380009781641 7.04820417528
-0.598132622682 0.0716553689462 5.60515706938
-0.806647100707 -0.0992581274836 4.16597407646
0.51232665779 -0.304856951522 7.20237451403
0.329823448974 0.590899921579 10.9194311432
0.854355638959 -0.530715836289 6.834114119
-0.201368168381 -0.695167973339 2.8311041852
0.984967004317 0.854001935849 14.1433296637
0.0799142605611 0.684066588753 10.6523655545
0.0419159545441 0.247171376006 8.39571994114
-0.821751135768 0.510540840994 7.1151198776
-0.74457303273 0.652135260505 8.10967552924
0.564056175341 0.417489395486 10.7809156926
-0.92767923895 -0.393743288109 2.39359925032
-0.473774860178 -0.279727185057 4.15357381086
-0.824714506472 0.873915646062 9.16745162755
0.107604481425 -0.388951378684 5.44062328563
-0.206036965851 -0.10559491899 5.76819875185
0.201188666721 0.031358855393 7.65327102732
0.838783946429 -0.00607303418834 9.53423390987
0.984316029647 0.70284991549 13.4448513879
-0.582978971285 0.861190429288 9.62841528199
-0.767267204229 0.634899416982 7.92001923468
-0.238753413047 0.75594864089 10.056200074
0.736113380215 0.611850800235 12.18291477
0.580060872614 -0.390641721804 6.63548928635
-0.838161433897 -0.19403964247 3.47066599075
-0.652950970027 0.389902177805 7.07629785838
-0.307800546924 0.95122040172 10.8541097422
0.281944154691 0.644961127269 10.9460642225
-0.734950654516 0.724028964545 8.43261095176
0.845514381027 -0.0258761623621 9.44569406924
0.212505875502 0.529619601806 10.1972298919
-0.650322745479 0.00513215292688 5.09006503879
-0.202673944455 -0.707252015676 2.8615389601
-0.264931155417 -0.863655381229 1.77263259782
-0.948376186101 -0.72966742169 0.54231306928
0.926230223178 0.09905907179 10.3300644811
0.931644322306 -0.13500424334 9.22821687454
-0.376367733829 0.0122837256805 6.03769563212
-0.120976622734 -0.788670631477 2.55595003762
0.28165262938 -0.567923634981 4.91155720925
0.239175909796 0.300402184796 9.27104218009
-0.695950293743 -0.877300745779 0.57702398497
0.561523172137 -0.0803991524614 8.33407852273
-0.883672408989 0.98973263434 9.6829190938
-0.884438878007 0.390070457717 6.35412470563
0.967357850527 -0.521639791568 7.40743115776
-0.715501262626 -0.757230121155 1.1627457827
-0.393449704865 -0.797908377979 1.89524812064
0.384322683388 -0.87541640374 3.744359107
0.0188442562996 0.993393707706 12.0993982295
0.627940539012 0.230438876462 9.95873347789
-0.387492758427 0.247791672583 7.05279822696
0.0540829278233 -0.147833232219 6.37454626759
-0.73857924652 0.773208430481 8.65849182678
-0.100430702357 -0.610754976358 3.8763988678
-0.264481298245 -0.171740494942 5.16112711129
0.655075791134 0.467228761123 11.3699971981
0.538609787283 -0.977937471143 3.56487041902
-0.16769200364 -0.0373116967294 6.26317231885
-0.961615446354 -0.48037358251 1.82218080809
0.520579646244 -0.725780588542 4.93926399793
0.0706202629052 -0.569596255966 4.25610503109
-0.975758450712 -0.517597084801 1.41320885293
0.95174750982 0.603074223766 12.9385734232
0.919153288642 -0.0242919121473 9.56296364202
-0.780527602645 0.0959189779474 5.15965794076
-0.0912453308801 0.688714165479 10.1743920187
-0.803834838432 -0.0235177259564 4.40574682016
-0.699902670612 -0.35064814622 3.361445666
0.474714154776 -0.0479637412625 8.24771566025
-0.248223429708 -0.21104744286 4.99757823791
-0.081106463188 0.570033087674 9.62549148028
0.78416937788 0.910669373008 13.8396763522
0.573806772511 -0.369186208504 6.96073260849
0.376269412173 -0.124793751889 7.42558740323
-0.490658755908 0.681743158852 8.92526588239
-0.923147302075 0.803523984271 8.29867674303
-0.0770450707505 0.274402953617 8.22745507525
0.318707844412 0.790235481413 11.7872712996
0.273339364334 0.22786716952 8.92590381702
-0.866695918879 0.0368160438904 4.5364979317
-0.699661998366 0.474867537443 7.21001876886
0.0244438416253 0.360455558417 9.05215474099
-0.916654198795 -0.830415967908 0.138455735168
0.432646776125 -0.855831328003 3.89269529293
-0.857486544469 -0.97578304953 -0.359588686354
0.913002796599 0.475016718918 12.3263076041
-0.293497182996 -0.406928837425 4.18811078994
-0.300593540508 0.549307062362 8.69281769369
0.322741222141 -0.629608864265 4.77175593781
-0.651781329332 -0.803208700573 1.15530362406
0.320605439403 0.528745324443 10.5347759939
-0.46990714335 -0.958110077938 0.844110123074
-0.835656665047 0.93572006969 9.24909375865
-0.409110445045 0.538446295676 8.37220709609
0.249327137709 -0.236120720694 6.56142527405
-0.588625475609 -0.757227163681 1.12386102076
0.230025936078 0.549267561276 10.3339768505
0.287808507082 0.0606042664983 8.1411900386
-0.916097553137 0.936977555189 8.81181679834
0.597428383309 -0.414355926598 6.88374664733
0.959940658718 0.203763179273 10.7556237347
0.164845316414 0.496146358859 9.93126329487
0.62353957618 0.312957214663 10.4484788596
-0.743808507268 -0.323464988011 3.29537686705
0.856167280652 -0.550768776312 6.67107174528
-0.255665952325 -0.135846234112 5.67008734768
-0.121190020611 0.225879164989 7.76684906921
0.886151675489 -0.518614576335 6.96723127969
-0.756997247398 -0.60505902028 1.74992350383
0.773849800419 0.29162162531 10.7995634974
-0.428186421522 0.631893877937 8.81488843741
0.722739992727 0.693028677381 12.6403435736
0.837853067279 -0.495517959653 6.99743804388
0.510083857493 -0.0789210054517 8.14699827974
0.68399710578 0.456981354323 11.4031111564
0.552894892999 0.312323675362 10.3789047374
-0.645142461061 0.0900538377939 5.3910602559
0.969339479049 0.874776132994 14.4952024396
-0.913652528406 -0.670370368541 0.711981792124
-0.736542453091 0.451959819971 7.03499323108
0.635570659714 -0.572977267379 6.1006573629
0.0117053859037 0.681406056022 10.4702456246
0.465603089533 0.0844744109837 8.75691137153
0.180695380918 0.0167210938326 7.60487938688
-0.404903097362 0.130043985718 6.38621054304
0.3777706041 0.746645831722 11.8076044952
0.272582707958 0.522243074086 10.513923704
-0.679856730091 -0.0768850511604 4.61170610252
-0.981336760346 -0.506642270957 1.45348740465
0.452923430226 0.983619902699 13.3668297917
-0.801643800826 -0.197011368277 3.64074170822
0.600141937398 -0.591928730742 5.92206837037
0.110169898605 0.466142592059 9.7241855403
0.23197090052 -0.623950530769 4.49326054662
-0.289230862629 0.567583568971 8.91420715295
0.108453028264 -0.989540772914 2.45238458073
0.521981520056 -0.92937729012 3.98009513611
0.491467565462 -0.59503887967 5.49711813864
0.916146960239 -0.264118497396 8.43958113207
-0.346136767324 -0.702223899335 2.57823669093
-0.38879156902 0.753301523656 9.54097577234
0.992668675254 -0.263380938986 8.71581106895
-0.102778738091 0.444141876405 8.89215390251
0.77239156093 0.186088668374 10.2258499043
-0.216948603644 -0.174756318303 5.58525028275
0.391236292994 -0.993563472791 3.28843314992
0.23917867492 -0.289013979117 6.35381709277
0.588394662554 -0.814018720354 4.82563826661
0.176404533897 -0.0380542202278 7.34104288471
0.28465105181 -0.870292811034 3.57068439739
0.159967574856 0.122969175919 8.0637219285
0.121320188832 0.206975333193 8.43125386771
0.352935874453 0.609977999362 11.0956833147
-0.460358559744 0.65009882036 8.87911801907
-0.00348863547309 -0.845883441731 2.81963258747
-0.882898141512 -0.331523362608 2.6118666941
0.569793954223 0.415361869482 10.9954299376
0.577229929345 0.0345381128832 8.8037786143
-0.119602004089 -0.705094946587 2.99430039352
-0.343614492781 -0.131961267652 5.42516127074
-0.822799140641 -0.558776094578 1.81688837459
0.196450588127 0.471326228478 10.0083948885
0.996695022786 0.866226662687 14.3840529327
0.28513039907 -0.157503893412 7.06664705287
0.272354729416 0.57130323616 10.5838549319
-0.763327618153 -0.180190220607 3.81664649832
0.679604571271 -0.232334096134 7.80942706199
0.143744542454 0.175538721724 8.40643920933
-0.631047493733 -0.275529116695 3.71450619717
-0.330977422516 -0.947606582936 1.18648509809
-0.951616472217 0.663394087352 7.42998243594
-0.453858380054 0.0361575324776 5.86050566765
-0.402548852822 0.881358490231 10.1427734374
-0.481406482268 -0.140686374522 4.77012664103
0.745460500969 0.683867133584 12.680085892
-0.627797164307 0.605286619591 8.16753826215
-0.0836262265242 -0.0340622558293 6.52811572374
-0.733040055168 -0.838796972486 0.559791141505
0.455878613948 -0.0070776952894 8.35545235913
-0.12629859477 0.459016457305 8.77137806807
0.531025797982 -0.682183664661 5.0414126932
0.220450298955 -0.729291835445 3.94304729752
0.502750172058 0.313910312534 10.0564573637
0.913229242167 -0.862083967287 5.46035864662
-0.885890557697 -0.435625850614 2.31173469553
-0.476588632528 -0.506042401856 3.12578805546
0.812509161042 -0.500907600301 6.91699562862
-0.456100547743 0.518796524836 8.22377936016
-0.100520315099 0.55342111391 9.36529168779
-0.869267684871 -0.0248576126532 4.26605756852
-0.932772799633 -0.874693593089 -0.200652228239
0.812874906689 -0.721509257765 5.86335028728
0.0648413645504 -0.177808794799 6.2227570253
-0.305313347482 0.799666691375 10.1343280658
-0.956353206449 0.327579372351 5.92211113371
0.926788868427 0.120336366924 10.3711724251
0.873644924066 -0.895484241428 5.18368473727
-0.162413361852 -0.479684418076 4.18335222324
0.461641929961 0.962594180994 13.1577746477
-0.486939875112 0.308349202948 7.10333563759
-0.603804734481 0.130660509143 5.84314758235
-0.0721350266233 0.944010659263 11.5134158263
0.217054545393 -0.300987255826 6.06892637866
-0.771808430224 -0.69750634253 1.1994940141
-0.549366140098 -0.498066677319 2.91136802223
0.701232115682 0.122445576565 9.86103859065
0.0467818227487 -0.770462256262 3.38396126955
0.720279386699 0.445628606417 11.6042994379
-0.8646632762 0.41567019446 6.40762638741
0.0870764346853 -0.836549308506 3.1657148252
-0.0833987169427 -0.0306074257399 6.61510092105
-0.668450919673 0.891396294001 9.6706090043
0.699950742961 0.338044674658 10.7092457736
-0.0754088779988 -0.176468916831 5.80745659763
0.301946934302 0.0908637388138 8.30022023243
-0.875453788236 0.0250052975407 4.28627555056
0.612807234466 -0.0815202448061 8.3782449772
-0.896086844891 0.572556398768 7.09860819301
-0.597272435728 -0.482758330224 2.80943042034
-0.670587293135 -0.339569870257 3.32456436689
0.513503011377 0.0387717190079 8.92198471309
-0.590237451699 0.755660156304 9.10263081024
0.759163709903 0.741156850092 12.9255850146
-0.522407577237 -0.097521311638 4.85532924296
0.969979312282 0.54402495262 12.6792546171
-0.945665157549 -0.869590817479 -0.316972880744
-0.0721372463753 0.818440411723 11.0589361961
0.0774035959054 -0.00437498393142 7.32827988013
-0.789052600087 0.313560209449 6.15372568177
0.6442063212 -0.239159984985 7.56550558577
0.551223701851 0.928953307802 13.433824882
-0.592467081745 0.0466592623895 5.44444108219
-0.425724083831 0.585708838068 8.77515357004
0.155186731762 0.269164835101 8.65194160491
0.595828319232 -0.208059054675 7.68725218202
0.830180136814 0.0660577344923 9.82135345288
-0.684090354329 0.391798236338 6.91141817808
0.586522700877 -0.366476645865 6.88217832616
0.714358513998 0.812286509532 13.2667930829
-0.446191025244 0.96704294543 10.3898796085
-0.718576943902 -0.595968663195 1.85018790382
-0.631550321524 0.787979420016 9.05727569868
0.30858510465 -0.695791433555 4.49824202958
-0.119353163263 0.23059605014 7.86608224872
-0.833071830021 0.764832736815 8.21248398483
0.607207070883 0.0104135471533 8.72027753134
0.934253230518 -0.16447804145 9.1081371665
0.968220638073 0.335839997607 11.6170933035
0.269342546508 -0.668090209408 4.39272793883
0.763855516609 -0.145020624159 8.72157862659
-0.675533188435 -0.974784960048 0.111043097882
0.119511367277 0.0547992442454 7.75046004146
0.438707244738 0.780516106036 12.2254541125
-0.841186830714 0.462992980681 6.99747920375
-0.625176111805 0.716354106314 8.8817762804
0.638127027723 0.0815875099711 9.29742221818
0.420485597247 -0.371299773633 6.50211501867
-0.0576642021344 0.643273795421 10.1079139657
-0.0814696056536 -0.284403469349 5.47043699205
-0.0115751054994 0.656498504874 10.1512748618
-0.329583905258 -0.652476813729 2.81746936158
0.424028040662 0.651956425416 11.6377086978
-0.798725042953 -0.520251774488 1.82669205006
-0.716056020478 -0.304117176836 3.21292020312
-0.0992980421892 0.497652673927 8.98644602529
0.302295169763 0.241857134957 9.08923050063
-0.295250106781 0.68289510617 9.60047943609
-0.0574256652037 0.95820987603 11.7690080898
0.268284276591 -0.747470516871 4.07490972346
0.352355124151 -0.349791969137 6.47096708133
0.372654393372 -0.860717703675 3.67636451592
-0.650237125648 0.711474517812 8.43632296818
-0.545640885953 0.674082250486 8.72793382468
-0.441447823091 0.285763820117 7.14288217621
0.38830114702 0.0253095062901 8.2881814977
-0.389378646607 -0.574711247258 2.75156361389
-0.933621290875 -0.392107197519 2.22968813583
0.306325581063 0.876609636897 12.1715779776
0.742408964526 0.532129553071 11.9548419138
0.576894686507 0.329969806952 10.4171929189
-0.479426284868 0.814390061412 9.53968347382
0.341464623812 0.120881261961 8.57741348951
-0.778021061573 -0.105888912387 4.03057090116
-0.0792834575961 0.729127219045 10.4015178127
0.0932964403756 -0.239198902059 6.17940904288
0.953600657021 -0.778558813347 5.86943529969
-0.154903143376 -0.915950649657 2.00594197314
0.479808241534 0.836153104398 12.5671644848
-0.439925340899 0.716683353598 9.18435346207
-0.415563539076 0.821540323288 9.85030796322
0.507923807194 0.609813553683 11.4693149578
-0.963986888799 0.925620714148 8.68077797381
0.453341984141 -0.390497809228 6.28774911702
0.658789329718 -0.43695760317 6.98805248659
0.745507679132 -0.774839219176 5.36585329671
0.407371954922 0.0813969532898 8.55912808041
-0.806931059609 -0.516212343482 2.01954309483
-0.975191927445 -0.062464069071 3.75087106734
-0.39746947848 0.196714968596 6.76906944758
-0.405524384583 -0.400161776986 3.84403463133
0.486386397463 -0.903714328043 4.01633832318
0.805789990384 0.704527748782 12.8869586003
0.335609366453 0.186443140215 8.88146197637
0.784604996279 -0.629339640943 6.17961161441
-0.842061675618 -0.520979660181 1.63872455577
0.5891565574 -0.930659466547 3.96265323325
0.165613670167 0.990875032383 12.5879035992
0.711392187675 0.0428913780872 9.51313022481
-0.872718181427 0.662747028771 7.67067699562
0.197957016354 -0.770134005881 3.80085671596
-0.812285430353 0.819253638873 8.69053691876
0.338400525876 0.658573598634 11.6159576516
0.757957800565 0.143544704097 10.1035544133
0.0348927035101 -0.139145179358 6.39616045459
-0.366106824418 -0.130808078283 5.15208509127
0.54775931146 0.20384686203 9.50186761251
0.78504657991 -0.113239971242 8.80928624711
0.214179157438 0.262615106184 8.8799779287
0.183394324613 0.405267546171 9.43429533373
-0.52513306325 0.0247275550916 5.48358129728
-0.791550394383 -0.23097734471 3.36230729294
-0.0246658627575 0.304448519091 8.61695917069
0.901062105172 0.201302133097 10.7978609567
0.487187832353 0.0125321189904 8.52342682788
0.268208062753 -0.858135567732 3.66194076348
-0.491216838316 -0.27629381359 4.15261724787
-0.055013289987 -0.908702508995 2.20531916493
-0.719951804893 -0.446371384417 2.76060007096
0.943065381802 -0.337305985794 8.19655722081
-0.0359178837758 -0.607804574523 3.74949886062
0.221560142152 -0.438633568968 5.45247871381
-0.586014843123 0.033145256892 5.32011992975
-0.988988401679 -0.984671934702 -1.02860485164
-0.561862381796 -0.926557274998 0.774244234373
-0.783948491739 -0.322278701322 3.22770268222
0.60517135916 0.144097286739 9.39614375379
0.0253354519128 -0.413022353584 5.06719151149
0.863507438866 -0.205969917526 8.49560847206
-0.825814466408 0.234133032236 5.64450922358
-0.772323213047 -0.309553714397 3.07602239645
0.0148238774356 0.74844504937 10.7002978022
-0.0129068393198 0.404517532063 8.98871930515
0.985633677998 -0.737021760204 6.18869722133
-0.450536948961 -0.210847848805 4.62119559167
-0.156343642922 -0.177957849469 5.63615601294
0.815222005113 0.428065288934 11.5620976553
0.215810428181 -0.381254564274 5.65040209697
0.647580768443 0.91012102297 13.4356702871
0.6423965651 -0.996869789617 4.0183798698
0.272802740367 -0.897729237116 3.37985375428
-0.484785559333 -0.880950599304 1.043134801
0.207590905899 0.373179826985 9.49860508317
-0.771024723868 -0.23232223391 3.60045337118
-0.0875269820889 -0.261893956478 5.26100874323
-0.75794999903 -0.162104419625 3.96996392402
0.502356095617 -0.857984670933 4.15088255629
-0.839639971836 -0.290457416328 3.08585286971
0.883451423238 0.337145293446 11.2597548213
0.357339913345 -0.276160018324 6.51073143835
0.187321582417 -0.979737631945 2.50052234374
0.272192092819 0.826573895152 11.9542542489
0.22514693669 0.747397186933 11.4383989949
0.447946110932 -0.758883167193 4.45899083432
0.804906614572 -0.867112311288 5.14301753315
0.0679349450955 -0.715725752413 3.45902406699
-0.976586778538 -0.155931479745 3.2839742858
-0.409918584692 -0.0279990124048 5.50914756392
0.154399773469 -0.912521855382 2.83540643272
-0.753993409753 0.117284792901 5.32918360238
-0.313665293655 0.458346975099 8.264697658
0.304583297184 0.69120872598 11.331337967
0.384985653338 -0.14013784522 7.55489701484
0.345933244789 -0.449237651489 5.73392228997
-0.387373002444 0.577970319842 8.81130180308
-0.107160967197 0.596760681037 9.54934981813
0.644844747337 0.715124675323 12.5631380364
0.833270471682 -0.138029558973 8.95382048225
-0.362266363358 0.164397493188 6.48802392586
-0.257655153125 0.2021483336 7.15808668308
0.411171725288 0.376810036984 10.1752725735
-0.25089422596 -0.666279596602 2.8956148005
-0.138941323076 -0.714811711836 3.04623205893
0.780194070368 -0.308245078524 7.73895829981
-0.691080505553 -0.949104480188 0.189895061145
0.291644772573 0.273804634909 9.22838976873
-0.318791666837 -0.856576222305 1.87752209413
-0.18074221021 -0.377565009873 4.59539040434
0.35424127947 0.211558498905 9.15427659914
-0.270812543605 -0.56421489149 3.32530021512
0.976071932311 -0.0919967576078 9.41947138649
0.37654847156 -0.718894064843 4.49191927168
-0.0288206006812 -0.944926560261 2.22835061089
0.0109102358209 0.928034814235 11.6308063306
-0.231586574028 -0.92200797485 1.72417788935
-0.938088418161 -0.224026480106 3.27314242485
-0.679950127074 -0.953295807344 0.280783052404
0.5124272279 -0.0829539822362 8.0899094193
-0.421510456055 0.800166366033 9.85642185422
-0.767722079599 0.911837657911 9.21521451345
-0.372066565245 0.776807344617 9.56402457383
0.205885752959 0.653414719483 10.7839222252
0.968026326421 -0.423189124363 7.60105416535
0.922270970815 -0.221036210195 8.62648051307
-0.228976190526 -0.319225791491 4.71878430889
0.0828152146952 -0.691709913643 3.9575398071
0.107422970716 0.08340962482 7.77200977362
0.52380362521 0.667299923875 11.8860004421
-0.119117299375 -0.395333501297 4.74892115351
-0.481330205366 -0.61075232659 2.28113422005
-0.884704835602 -0.315104042331 2.79392673735
-0.459504615738 0.932834771733 10.3627465308
0.1154176525 -0.305445921939 5.67116472323
0.160935201987 -0.721606597309 3.98914802374
-0.111912501596 0.252468642842 7.96045535017
-0.0222043364151 -0.196442398691 5.90964620591
0.987696777799 0.760629524298 13.8295161415
0.246811916319 0.138754722365 8.66127864656
0.241320959649 -0.597375784355 4.75527058268
-0.209724513471 -0.921080934218 1.79024384712
-0.0489079250263 0.0860491679153 7.23758597454
-0.544500527794 0.928057694331 9.92180245133
0.818909221874 0.444286470912 11.7611936018
0.0667732575307 0.739938319295 10.8144029865
-0.738695312353 0.58101958855 7.69616862941
-0.750358372066 0.588421325099 7.64326576462
-0.448464863497 0.754181162036 9.47340920226
0.888084187651 -0.70240806119 6.18557846753
-0.0746487898692 0.961974756325 11.6896814064
-0.0331851280537 0.727095045029 10.4849182011
0.177463044263 -0.249340184161 6.25870071845
-0.428432888948 -0.593553817828 2.64905587244
0.523596382755 -0.226918986354 7.39176489049
0.0225509244015 -0.0153490399976 7.02863762252
0.154558058466 0.731154291249 11.1951444933
0.961478687167 -0.184831582852 8.86806161482
0.655037844213 0.529055589309 11.6973520712
0.147057902911 0.912094287224 12.1372089307
-0.599050968943 -0.781471579381 1.33683268659
0.707923933911 -0.121700366733 8.70294954933
0.693937708414 0.786180410391 12.9353362573
-0.875084812762 0.766929525972 8.08492772124
-0.103361889261 0.0208649780085 6.61636719737
0.253185022186 0.85276521346 12.172985565
-0.96176781114 -0.0463130633644 3.94856781539
0.375444084861 0.445413915396 10.3478433645
0.385064863074 -0.731129741184 4.52754274594
-0.401208823257 -0.282568949166 4.27097987967
0.608874415359 -0.442480255171 6.85879716818
-0.578590072266 0.914896038076 9.85163209178
-0.982273429773 0.995641711364 9.04232774696
0.353642597715 0.656938598898 11.41819745
-0.410761207308 -0.971369444666 0.958970077921
0.475739037123 0.668289194001 11.7910514838
0.480952263907 -0.714299425398 4.79231221918
0.506855844514 0.537845564215 11.2569421903
0.31708103134 0.532231865591 10.8006048716
0.691842879355 0.227208228475 10.3461117851
-0.822790572061 -0.0247443806656 4.56722504315
-0.844701330657 -0.184913937935 3.49020475071
-0.185787021749 -0.86798031172 2.00377689413
-0.302358932061 -0.778003802417 2.19032549972
0.616470420018 0.895376051929 13.3318640109
-0.855367049484 0.910230414583 9.09447007631
0.0451531986735 -0.400868644092 4.96186991259
-0.846275849448 0.00124853614084 4.62037016431
0.589031088981 0.414172954533 10.8221572498
-0.899547977072 -0.854196329264 -0.0123136845319
-0.194253434735 -0.409419011904 4.26893419875
-0.535231353888 -0.437991002183 3.03886526024
0.606965486594 0.858456107264 13.1954940545
-0.189794610945 0.812222004265 10.4990579852
-0.357008597504 -0.0471260273124 5.56434798095
-0.547942004368 0.280952084352 6.63142653145
0.95796223035 0.206986192087 10.8752391816
-0.284371831773 0.295634891981 7.79196111712
-0.754158643069 0.777318160531 8.59815573831
0.00616790155967 -0.101300515921 6.36168682976
0.171729576907 0.249567725579 8.73845305221
-0.856448387547 0.365234442447 6.22955469262
-0.516136639369 0.427905265013 7.32142774266
0.645069588768 0.607917015105 11.9693643552
0.105001934816 0.0403397846215 7.49361127453
-0.714248077321 0.550692300806 7.68033790855
-0.457181239107 -0.00660915436411 5.78030612035
-0.431451814145 -0.732343274001 2.15658469052
0.259115393783 -0.891335930354 3.29377766052
0.497290468252 -0.364826409478 6.55708676649
-0.999730613991 0.0222582784745 4.36943553072
-0.906296182945 -0.447660884358 2.04872887278
0.413952974911 -0.874620756756 3.87014807014
0.678676984712 -0.992360154683 4.07181767201
-0.506352261596 0.481808112304 7.90979225281
-0.367459700541 -0.796215223868 1.90210873784
-0.279532162399 -0.459213427231 3.80797017596
0.685423804321 -0.37330416483 7.13506469469
0.577864943552 0.783744289621 12.6490409517
-0.132365160847 0.819886287709 10.6479934789
-0.245363892074 0.92815683298 10.8334079104
-0.821420950949 0.374038533006 6.41657283496
-0.0123719190861 -0.224702389089 5.81387457556
0.265423757497 0.407714183269 9.98524148769
-0.991273460699 -0.666093822506 0.430613524535
0.426092101269 0.332770827156 10.0512811248
0.932095010257 0.522075580502 12.5312714525
0.901545415463 0.40508100307 11.5227022385
-0.403895582721 -0.789270155498 1.80769371494
0.56364772669 0.288298442952 10.0952913082
-0.903627975213 -0.279899068198 2.7488695639
0.913599630969 0.000802291420402 9.66702868125
-0.134541727961 -0.0846007896814 6.06231328316
-0.58223455199 -0.26258565827 4.11559509702
-0.260373488026 -0.895289959625 1.83599757711
0.535135257036 -0.166991136192 7.89760559965
0.644359773633 0.70069600224 12.5087265385
-0.576011890603 0.31470696434 6.73259397277
-0.055436391674 0.760313475843 10.5828061776
-0.568518641647 0.35562640062 7.12151353428
0.215504244505 -0.409397044856 5.47731472835
-0.726798192698 0.303279520955 6.4073028697
0.477194916265 -0.368745312473 6.56382564661
0.289665208045 -0.209738184777 6.78282261949
0.426413766565 -0.601569450212 5.34249004546
0.780430005272 -0.425180807069 7.25981231162
-0.264428024488 -0.883816095839 1.75153883076
-0.776975575357 0.0317238054247 4.94362528139
-0.464814646544 0.670960451484 8.85225198503
-0.97061322269 -0.241811902656 2.94069437934
-0.325308906462 -0.961344738165 1.27665971559
-0.751263201999 -0.172714650163 3.85168249926
-0.0142708311051 -0.19142050549 6.03269828146
0.0618753568242 0.190263349811 8.01183146189
-0.980152357744 -0.071809681093 3.79289722322
0.926998481775 0.0380645602591 9.95282803298
0.355084534918 -0.376272284166 6.13161988187
0.547982756306 0.545842963752 11.4780640103
0.0425920953083 0.952027646558 11.8174801497
-0.748899570475 -0.966104670221 -0.218068192165
0.540316423514 0.61431107473 11.5368417268
-0.759585541759 -0.468834334083 2.43767269944
-0.964895273267 -0.413382778439 1.91035735276
0.546283747837 0.0359210554252 8.99393593884
-0.303808813663 -0.256521410187 4.59777356728
-0.997292748569 -0.40039894487 2.17577266677
0.292917483276 0.948388887633 12.6417986347
0.694121653968 -0.952810070709 4.30864329717
0.79712120935 0.566396826597 12.1688558524
0.560752247142 -0.0840084819929 8.3021279429
-0.203989414091 -0.394168542334 4.41342557582
-0.868610282091 -0.543529273013 1.78685297686
-0.506792730044 -0.0318458605796 5.33181527184
0.494888813193 -0.0523803432041 8.23779489971
-0.884311101106 0.915579601976 8.88860348534
0.885448638188 0.570379086297 12.5025467837
0.982655803128 0.0889646656005 10.4235709143
0.925536700506 -0.848789918766 5.36164366842
-0.268638503477 -0.549237463986 3.31307862743
-0.608333831731 -0.718394102215 1.65735440313
0.244827283132 0.562643711495 10.5647869507
0.156596798841 -0.706074580824 3.92101915877
0.622247539867 0.271909414327 10.2281330845
-0.223668587746 0.348260591072 8.10505536266
-0.480190041514 -0.309615583012 3.95737599237
0.834971686264 -0.418990988657 7.33212964297
-0.0600234636841 0.780282274792 10.7409255084
0.415442700535 -0.875593547671 3.77052308549
-0.705393911442 -0.984316818456 0.00305944896444
0.261843580458 -0.104653149179 7.09200663506
-0.731450298195 0.915868242114 9.48790587971
0.0593194478912 -0.516213411774 4.64415103304
0.00120714230942 0.35924066547 8.82542772771
-0.847521564053 -0.450592369904 2.30274255671
0.613930981768 -0.0806702591947 8.60498909378
0.0931542840646 -0.134367995581 6.70905988079
-0.912200114714 -0.66850044036 0.736810030926
-0.108916722516 -0.581629069184 3.63714678986
-0.900041942681 0.687299328104 7.67388895471
0.962385058328 0.586285747993 12.82119302
0.707569843409 -0.516045739366 6.59424673545
0.921253951026 -0.606148591093 6.6604445163
0.902859620724 0.989638587932 14.6754484783
0.423445611492 0.962287463584 13.0062358592
0.139079559134 -0.480916433648 4.95150472886
-0.126008228669 0.187121870758 7.4169185581
-0.853836875946 0.244686529234 5.56959869372
0.962355673525 -0.619784700433 6.65297505785
0.585190232577 0.815797587559 12.7369713102
0.88740318564 0.920271208811 14.3689297806
0.0429192774429 0.954615815983 11.8068970234
0.514620414269 -0.676657127526 5.42381381166
-0.0461997870641 0.436662350744 9.09404418262
-0.505319368362 0.281230367098 6.90867734277
0.333200958093 -0.674600512383 4.54076453435
0.130170624906 0.543253821957 10.1768119724
-0.00220867092812 -0.975793766448 2.05684137235
-0.981923061841 -0.28594131206 2.63672523564
0.852388136864 -0.542646440793 7.09994066045
0.268727377743 -0.555848258613 5.01733485019
-0.356660020681 0.696084179203 9.5253681666
0.45772288454 -0.809201445374 4.25684378424
-0.142595958027 -0.941660472709 1.86041091332
-0.038219706794 0.324868023402 8.68676106019
-0.762994752804 -0.422230122182 2.5371684249
-0.204326748996 0.839062049312 10.7635748554
0.986510030846 -0.910177402009 5.47941827604
0.522015846991 -0.256551867195 7.22704152741
-0.215083627541 0.508529946694 8.96063962475
0.836852864291 0.901857189005 14.1170999829
0.154245172077 -0.285757681399 6.09612810546
0.575098171718 -0.497997233475 6.07828587579
0.128148057667 -0.28284307695 5.89751507067
0.313262147416 -0.519202174213 5.31902370763
-0.61681410853 0.836478173351 9.32450519825
-0.796392634101 0.0119158154699 4.7324683848
-0.558294434074 -0.922140073349 0.732186431128
-0.927962363417 -0.649556455788 0.834796194936
0.733540709012 -0.435042512046 7.06342935191
0.900918341151 0.163244585978 10.5800365279
-0.126771620462 0.160177669339 7.4765525301
0.0333967704525 0.517552507515 9.79603092149
-0.435007868054 -0.293899216799 4.3088725273
0.788188605067 0.892913026301 13.8750489546
0.785116454973 -0.161104012085 8.54281273335
0.560731006014 -0.0473285333978 8.2794542577
-0.0049202957078 -0.590639781885 4.07500202536
0.182260606517 -0.627728204493 4.4289095658
-0.336870601866 0.71006040324 9.56684809432
-0.585848381578 -0.857683429653 0.826362849417
-0.861984814774 0.881569041006 8.71378510667
0.0138408759237 -0.181175856366 6.24095863127
0.621757162016 0.671651855821 12.2195752498
-0.335617933769 0.387236114948 7.99747684317
0.542245631704 0.309301373732 10.1760756014
-0.6968098504 0.751766167034 8.67137689792
0.078189105472 -0.43505514726 5.15311996071
-0.149543629125 -0.924857819202 1.87547554379
-0.744266397555 0.531093501032 7.43228039019
-0.999976730489 -0.166868343035 3.11950056448
0.0450203621712 -0.890731159998 2.63795566378
0.946156325945 -0.547749337501 7.06880507798
-0.391602560727 -0.39211497549 3.88683081753
-0.539166675765 -0.997052355827 0.349363331401
0.458689588176 0.933690999599 13.1700993751
-0.55141303343 0.326094383607 6.88677208752
0.483792653917 0.696850758181 11.9169445882
-0.154741605973 -0.394138188719 4.52111113266
-0.349409731954 0.425242666197 8.22268192356
0.633558933011 -0.636772064487 5.73647195425
-0.258117983684 0.803880393498 10.3482324704
0.613387039389 0.969716805525 13.5401891085
0.508496519364 -0.213609597944 7.48414659496
0.181275667989 0.322028508495 9.242932626
-0.843088367366 0.0889939182077 4.92393288787
0.418641656945 -0.665357391998 5.03568604835
0.561263434851 0.167545561028 9.46978926468
0.904443571395 -0.915155403586 5.27848844027
-0.469347724889 0.2031077586 6.83738543069
-0.406880175588 0.428848328142 7.8873172579
0.518010565044 -0.794968071867 4.53464108366
0.0277089284135 0.0177811111821 7.31737078886
-0.261438459569 0.865849725139 10.7028904616
0.655012639746 0.394418763819 10.8848457356
0.42865327147 -0.0765677123738 7.86110257083
0.841989042193 0.389190854507 11.4437429382
0.457962123312 0.723381807575 11.8563503567
-0.451856821316 0.614141807733 8.62327338007
-0.609518794087 -0.30931609551 3.52444906351
-0.32877909146 0.957050936778 10.722137653
0.713074447496 0.402339723181 11.1474534697
0.454113523231 0.124145588805 9.00648998697
0.894181334217 -0.00748249423528 9.80018158076
-0.23896458026 -0.673929326137 2.81362422446
0.572411304522 0.468887864151 11.1601054742
-0.231289922952 -0.949613172082 1.53666548631
0.677994655436 -0.977164033092 4.14321742988
0.407399559258 0.940514219452 12.9922517243
-0.124677343704 -0.530053190008 3.86342981669
0.409742020087 0.634256284031 11.438748455
0.0928606321557 0.934070550512 11.9655798698
-0.896662556684 0.00959119660906 4.40721343939
0.436907894645 0.725280942298 11.9660452598
-0.641488776184 0.600006963527 8.32109850307
0.105414151437 -0.20689263602 6.21800527579
-0.736569942842 0.730591517818 8.39014806506
-0.685453583641 -0.380424281582 2.97920378853
-0.419908936075 0.742828068382 9.39886582177
0.345405988418 0.593362794383 10.9392932244
-0.499064202415 0.249748199214 6.87045004194
0.143491966287 0.665660753577 10.9008300915
0.812174120963 -0.975686457045 4.50101544829
0.348039838118 -0.896328401761 3.47924194824
0.0977173301547 -0.424734541913 5.21662083654
-0.386446800956 -0.294082993095 4.31502232723
0.242584898099 -0.331900068662 6.13154753276
0.465398101181 -0.190945228852 7.46176046137
-0.86329359938 0.567519684968 7.0961432152
-0.428483350815 -0.134466240801 5.19696926368
0.370887766444 -0.335087685703 6.61681263813
-0.886828687707 -0.252157905974 3.01744553796
0.888897165389 0.283468794597 11.0452653132
0.342958297334 0.264564307275 9.38028296745
-0.602015722081 -0.163332271795 4.41073715378
0.501879596727 -0.797254204894 4.58522219298
-0.444294447821 -0.447361783068 3.63132819507
-0.135962144811 0.960737481884 11.3781062522
-0.864994906632 0.0374019887612 4.51219549946
-0.641270635976 0.941353090819 9.64502162337
-0.773392990545 -0.192797995277 3.64273804799
0.475769969669 0.409108856055 10.469541492
-0.154542726212 -0.306951664095 5.18106928724
-0.204775242894 -0.471447473683 3.976675773
-0.589334122586 -0.0339206048822 5.08477340299
-0.462932487865 -0.425076670205 3.48417689577
0.313512126949 0.9370746634 12.7447490252
0.207274401119 -0.84604106587 3.64431111659
-0.848832772292 0.902846441691 8.91464701429
-0.405418419385 -0.815866027835 1.65547065842
0.198089174301 0.247297556581 8.93517139351
0.297009640237 -0.465195944285 5.63323834825
-0.969778631571 0.930030738909 8.92548853241
-0.498213908618 0.352052576105 7.3240139732
0.413259739757 0.220014834159 9.30392418099
-0.374185211573 -0.457807492472 3.64747238599
0.195336565405 0.732191267223 11.3578363904
0.893467457847 -0.788188391192 5.8215086357
-0.690342774805 0.889472517566 9.42706166653
0.47307045667 0.76598764966 12.3558170873
-0.594734731729 0.175171742219 6.20858407495
0.402279188835 0.360223770894 10.1461723201
-0.183696618267 -0.969210216617 1.66773005087
0.165852113609 -0.493796921641 5.01185992459
-0.0994915077142 0.915162030168 11.2920069963
-0.201929364715 0.679603213329 9.91287886915
-0.622918788501 0.34492099605 6.77415504765
0.954013908878 -0.796213798254 5.91784006625
-0.983360115546 -0.132834414735 3.34641369846
-0.814749033897 0.496768699352 7.04247087736
0.829097327697 -0.131958054582 8.95534689644
-0.482576715689 -0.131193361987 4.9154129498
0.4468956357 -0.981891676839 3.43587217772
0.178907978969 0.226583369775 8.53365517168
0.275376493792 -0.515955840038 5.32097563779
0.428105446756 -0.817217027336 4.2627796217
-0.601459327066 0.754940093309 9.18664795768
0.477446301453 -0.972508891977 3.53901662098
-0.50324747926 -0.571187034014 2.65623742492
-0.458387343926 -0.50488045944 3.12537403939
-0.874947408514 -0.0821189668064 4.1223082684
0.465466949572 0.213463449435 9.45418854265
0.345743337196 -0.837701642928 3.87662394953
0.902981420354 0.676983667686 13.1546522505
0.610180636991 0.645967610084 12.0790408737
0.865421016266 0.0885079322274 9.99415934848
-0.599435964265 0.233567215705 6.38893718502
0.485762987336 0.475834786708 10.9438260705
0.0428980483338 -0.863082561333 2.7106298084
-0.25777412314 0.841533216927 10.4476406826
0.168897819515 0.0766638865114 7.82000080961
-0.462292971236 -0.263102160167 4.41711494835
0.790692178306 0.332926095054 10.8843883197
0.574774053505 -0.0913091538647 8.21188420646
0.260494438912 -0.503232782514 5.30304059168
0.410921660567 -0.144797332593 7.66533072166
-0.114908970371 0.298644649154 8.14192130855
0.872561242938 -0.871987306783 5.20222724223
0.649486474694 -0.415233779176 7.06040623515
-0.112161090987 -0.95617334245 1.73784862475
-0.397907844331 0.00526248526026 5.61270829765
-0.887647845305 -0.0178085412337 4.29201520292
0.854221257717 -0.789213563784 5.56639053179
0.528881456151 -0.180657893248 7.5812316205
0.310347429049 -0.47952680403 5.60424391173
-0.681015474917 -0.679074771458 1.58595978934
-0.859016108714 -0.628706590198 1.2230108598
0.328438769978 0.763381223687 11.6741919885
0.628251371182 0.370268619749 10.8233429451
-0.779136273178 -0.421625107408 2.61948576122
-0.380386249355 -0.500086107205 3.34849312953
0.0300113194194 0.0711076297593 7.63023580666
-0.286228049658 -0.292421682527 4.57219896176
0.657111195812 0.578585696639 11.7117095535
-0.384408336639 0.827576887747 9.91546862183
0.905630034005 -0.34651491594 7.97975692068
-0.291150102414 0.0112683068439 6.20722517191
0.882241625067 0.752638866285 13.3857956008
-0.794864074833 -0.214538513457 3.57792074787
0.1067423795 0.00626494510308 7.22639792159
-0.612273864126 0.717633542336 8.89572257971
0.353881565994 0.675816749704 11.4325133287
0.717528558699 0.496711707331 11.7478737959
-0.121578797501 0.221093510031 7.77500369229
-0.679269187761 0.34729083495 6.74432193338
-0.641493488521 0.38789918102 7.07199216756
-0.540803678492 -0.7648973997 1.59787282203
-0.669431019714 -0.996015729562 0.0759005690352
0.437479235707 0.464802098117 10.7693634507
0.0298666998265 -0.677274397889 3.722880227
-0.832891324979 -0.961742067125 -0.236483934804
-0.66850364607 0.781711069966 8.89407084219
-0.516926316597 -0.291457345566 4.13594604393
-0.789309031037 -0.555277390504 1.78804672416
0.0384491415604 0.215505366191 8.37296829893
-0.509295371668 -0.88453568155 1.04541968218
-0.217934261745 -0.531593258147 3.54515341382
-0.56089215354 0.919725605427 9.928762008
0.232600971851 0.113756886344 8.19848218153
-0.168449792953 -0.14211133314 5.86815831034
0.0818100076762 0.392859614072 9.14446569546
0.404292192364 -0.656612184589 4.88519731082
0.000225504153254 -0.176083809932 5.93130338971
0.741053932539 0.262837842437 10.4921203779
0.065008132832 -0.769210715642 3.10658288762
0.211275778647 -0.76559218864 3.64747611039
-0.325586848868 -0.714316070371 2.52770056715
0.384147294049 -0.587495772328 5.29354303637
-0.216281253624 0.791349555238 10.3504497715
-0.591367233202 0.0156101279176 5.20725132567
-0.161456677668 -0.963751917909 1.69209924184
0.585516227146 -0.861908187371 4.44664749067
-0.0514899580461 0.121356589878 7.33647660633
0.256852913229 0.377263258616 9.80721486294
-0.493455232955 -0.980042446683 0.707158296778
0.44688732471 0.0713131986952 8.67513155022
0.672235406414 0.642776725801 12.2332784321
0.686652335576 -0.0298106800409 8.93174188732
-0.332743208326 0.583116405183 8.71317891409
-0.0974117739415 -0.633115607193 3.51746890396
0.709948039123 0.765119753545 12.8872444603
-0.0673804877197 -0.84860054538 2.45469380895
-0.224347820166 0.607075318925 9.33422310484
0.803548057092 -0.593054515005 6.62514024894
-0.866052775949 0.754700906266 8.23943048961
-0.221190122042 0.0835219285351 6.69692137757
0.936131624102 -0.866870544172 5.53130042958
