-0.665034835482 -0.790864319331 0.272860499087 0.412951452974 -0.936827710349 -5.41188405731
0.872424492487 -0.896057432697 0.0825926706021 0.418121038902 0.741938247492 7.57947926999
0.428173864265 0.60345616614 -0.321099614914 0.629650227493 -0.839770307231 0.635214253456
0.789633312121 0.0951847523075 0.634595539925 -0.0953634309634 0.287155390393 7.29397398295
0.0528053218722 0.463179043511 -0.836740035939 -0.879295832019 -0.50579353198 -8.30632081646
-0.680910639774 0.743567133184 -0.561572025284 0.951730511638 -0.326208416458 2.08488345067
-0.635764168623 0.579397014285 0.317415551002 -0.00360856709372 0.110727101875 3.28359258339
0.438403556545 -0.543090517337 0.992667832113 0.949586324294 0.300651372694 10.9310503658
-0.600915098142 0.360456484863 -0.855603182042 -0.938694995588 -0.484634222978 -10.4080910384
-0.0747540865214 0.736545010817 0.454338139533 0.4854130424 -0.149013331104 6.46430290847
-0.308130014906 -0.257922474031 0.975299127472 -0.919781617175 0.734062992245 3.24104202747
0.157350817145 -0.122769161621 0.45051532083 -0.0266621171506 0.746846476163 7.0535466215
0.801403728023 -0.156558146253 -0.44634440553 0.184700657187 0.824726691233 6.75851494531
-0.578675621989 0.245933167127 0.263120440185 0.466226044831 -0.736864629745 -0.84223404795
0.431649929364 0.818065041331 -0.64063378226 -0.524913350152 0.942790188083 4.69506818021
-0.638046094581 0.708770186739 -0.0154442871039 -0.505537851194 0.741499802545 3.39377166538
-0.109389489995 0.0296347078594 -0.2815332612 0.18590170287 -0.67295225483 -3.46680498913
-0.217836926696 0.938824644671 -0.483733134598 0.313473329083 -0.349619871551 0.936602691896
0.546946251373 -0.738252678563 0.939642090157 -0.0924209172327 -0.527899073307 0.0810204756486
-0.85300650534 -0.660484189825 0.039547897112 -0.325993647137 0.657766731765 -0.974536884076
-0.138224952676 -0.502571454825 0.234289973208 0.413554433771 -0.665916184198 -1.63080538139
-0.664761567423 -0.926657146133 0.472804030131 0.327609055244 -0.0507382485004 -0.201003713417
0.688340897938 0.6113403059 0.170708728794 0.736542561027 -0.588317579926 5.37924277267
-0.776160761205 -0.460500776966 -0.885826287821 0.0623390560021 0.87321138459 -0.536219291451
-0.921312918663 -0.75578017198 -0.0956019434331 0.867750035056 -0.367687790046 -2.19621548735
0.0144696173768 -0.916854281899 -0.703313598076 0.973260245918 0.930237392872 5.92394287205
-0.990120038131 0.903623570846 0.278239875631 0.73583658904 -0.0905202887323 4.89390000295
0.0311920571585 -0.0223068394862 0.333728515092 -0.720697490487 -0.940052820255 -6.87582656776
-0.384140116818 0.409361525473 -0.596293095754 0.34686486665 0.939824092215 6.3311518675
-0.812198568421 0.34520423645 -0.112499561391 0.736284508755 -0.645700421105 -0.79651222964
0.385251904452 0.676230579296 0.889228438948 0.366496056579 -0.00565047198315 9.15169480628
0.235694480402 0.737809968957 0.141219493278 -0.939225880606 0.861897391014 4.92327287569
0.379053502063 0.353026771554 -0.568649695205 0.317770940465 -0.212271188692 0.910929383198
0.302465954083 -0.786813939384 0.315690609206 0.998827451541 -0.903575922279 0.00183445341023
0.954348368443 -0.186184078554 0.741506900675 0.564770968117 0.134032521973 9.89567874601
0.476898418503 0.757031122603 -0.191719356698 -0.345933676874 0.335186771127 3.72584266498
0.615691883883 0.524570269553 0.595627297717 -0.128833370374 0.63566843235 9.61172819091
-0.759581889259 0.0889781959217 -0.988482679004 -0.350828340199 -0.267076930257 -8.19698209791
-0.207654616781 0.39093441338 -0.222883797459 -0.102612754755 -0.524911738251 -2.93834814985
-0.253496416741 -0.545460745474 -0.853608152463 0.206897186763 0.33642559711 -1.50137182928
0.238980692019 -0.0730119123989 -0.240428439642 0.726667299144 0.0381635702724 4.24702507422
-0.0416362447405 -0.948715868387 -0.317504344748 -0.239608762428 -0.202354438206 -5.59454326652
0.160344738455 0.0672050934538 0.215810185587 0.529766523084 0.625971477432 8.78276468439
0.436246152453 0.91104739191 -0.963534834647 -0.608444028633 -0.984874250044 -8.14705855788
0.294949428309 0.7960610979 -0.513035406847 0.854069089593 -0.879465219421 0.797301629589
0.868872053611 -0.296754625521 -0.797158343102 -0.0282564816273 -0.486446864559 -3.81715606677
-0.430254196076 -0.385420070147 0.606051795665 0.0783225533505 -0.377384601688 -0.590968226339
0.220667566622 0.432301348446 -0.454751998533 -0.172901796949 -0.756227813326 -4.36618723253
-0.637701300931 0.36223570793 -0.637123304609 0.0503267673341 0.418092523445 0.79803261804
-0.786246153811 0.134624439258 -0.486874432597 0.925853750475 -0.0329087065602 1.65335175983
